10,r1-eth1,0,0
10,r1-eth2,0,0
10,r1-eth3,0,0
10,r1-eth4,0,0
10,r2-eth1,0,0
10,r2-eth2,0,0
10,r3-eth1,0,0
10,r3-eth2,0,0
10,r4-eth1,0,0
10,r4-eth2,0,0
10,r4-eth3,0,0
10,r4-eth4,0,0
10,h1-eth1,0,0
10,h2-eth1,0,0
10,h3-eth1,0,0
10,h4-eth1,0,0
11,r1-eth1,0,0
11,r1-eth2,120,0
11,r1-eth3,120,0
11,r1-eth4,0,0
11,r2-eth1,0,0
11,r2-eth2,0,0
11,r3-eth1,120,0
11,r3-eth2,120,0
11,r4-eth1,0,0
11,r4-eth2,120,0
11,r4-eth3,120,0
11,r4-eth4,0,0
11,h1-eth1,120,0
11,h2-eth1,0,0
11,h3-eth1,120,0
11,h4-eth1,0,0
12,r1-eth1,249776,0
12,r1-eth2,0,0
12,r1-eth3,0,0
12,r1-eth4,0,0
12,r2-eth1,112,0
12,r2-eth2,249776,0
12,r3-eth1,0,0
12,r3-eth2,0,0
12,r4-eth1,112,0
12,r4-eth2,0,0
12,r4-eth3,249664,0
12,r4-eth4,0,0
12,h1-eth1,249664,0
12,h2-eth1,0,0
12,h3-eth1,0,0
12,h4-eth1,0,0
13,r1-eth1,249664,0
13,r1-eth2,0,0
13,r1-eth3,0,0
13,r1-eth4,0,0
13,r2-eth1,0,0
13,r2-eth2,249664,0
13,r3-eth1,0,0
13,r3-eth2,0,0
13,r4-eth1,0,0
13,r4-eth2,0,0
13,r4-eth3,249664,0
13,r4-eth4,0,0
13,h1-eth1,249664,0
13,h2-eth1,0,0
13,h3-eth1,0,0
13,h4-eth1,0,0
14,r1-eth1,249664,0
14,r1-eth2,0,0
14,r1-eth3,0,0
14,r1-eth4,0,0
14,r2-eth1,0,0
14,r2-eth2,249664,0
14,r3-eth1,0,0
14,r3-eth2,0,0
14,r4-eth1,0,0
14,r4-eth2,0,0
14,r4-eth3,249664,0
14,r4-eth4,0,0
14,h1-eth1,249664,0
14,h2-eth1,0,0
14,h3-eth1,0,0
14,h4-eth1,0,0
15,r1-eth1,249664,0
15,r1-eth2,0,0
15,r1-eth3,0,0
15,r1-eth4,0,0
15,r2-eth1,0,0
15,r2-eth2,249664,0
15,r3-eth1,0,0
15,r3-eth2,0,0
15,r4-eth1,0,0
15,r4-eth2,0,0
15,r4-eth3,249664,0
15,r4-eth4,0,0
15,h1-eth1,249664,0
15,h2-eth1,0,0
15,h3-eth1,0,0
15,h4-eth1,0,0
30,r1-eth1,249664,0
30,r1-eth2,0,0
30,r1-eth3,0,0
30,r1-eth4,0,0
30,r2-eth1,0,0
30,r2-eth2,249664,0
30,r3-eth1,0,0
30,r3-eth2,0,0
30,r4-eth1,0,0
30,r4-eth2,0,0
30,r4-eth3,249664,0
30,r4-eth4,0,0
30,h1-eth1,249664,0
30,h2-eth1,0,0
30,h3-eth1,0,0
30,h4-eth1,0,0
