10,0_0_1-eth2,0,0
10,0_0_1-eth4,0,0
10,0_0_1-eth6,0,0
10,0_0_1-eth8,0,0
10,0_0_1-eth10,0,0
10,0_0_1-eth12,0,0
10,0_0_1-eth14,0,0
10,0_0_1-eth16,0,0
10,0_0_1-eth1,0,0
10,0_0_1-eth3,0,0
10,0_0_1-eth5,0,0
10,0_0_1-eth7,0,0
10,0_0_1-eth9,0,0
10,0_0_1-eth11,0,0
10,0_0_1-eth13,0,0
10,0_0_1-eth15,0,0
10,0_8_1-eth2,0,0
10,0_8_1-eth4,0,0
10,0_8_1-eth6,0,0
10,0_8_1-eth8,0,0
10,0_8_1-eth10,0,0
10,0_8_1-eth12,0,0
10,0_8_1-eth14,0,0
10,0_8_1-eth16,0,0
10,0_8_1-eth1,0,0
10,0_8_1-eth3,0,0
10,0_8_1-eth5,0,0
10,0_8_1-eth7,0,0
10,0_8_1-eth9,0,0
10,0_8_1-eth11,0,0
10,0_8_1-eth13,0,0
10,0_8_1-eth15,0,0
10,0_9_1-eth2,0,0
10,0_9_1-eth4,0,0
10,0_9_1-eth6,0,0
10,0_9_1-eth8,0,0
10,0_9_1-eth10,0,0
10,0_9_1-eth12,0,0
10,0_9_1-eth14,0,0
10,0_9_1-eth16,0,0
10,0_9_1-eth1,0,0
10,0_9_1-eth3,0,0
10,0_9_1-eth5,0,0
10,0_9_1-eth7,0,0
10,0_9_1-eth9,0,0
10,0_9_1-eth11,0,0
10,0_9_1-eth13,0,0
10,0_9_1-eth15,0,0
10,0_10_1-eth2,0,0
10,0_10_1-eth4,0,0
10,0_10_1-eth6,0,0
10,0_10_1-eth8,0,0
10,0_10_1-eth10,0,0
10,0_10_1-eth12,0,0
10,0_10_1-eth14,0,0
10,0_10_1-eth16,0,0
10,0_10_1-eth1,0,0
10,0_10_1-eth3,0,0
10,0_10_1-eth5,0,0
10,0_10_1-eth7,0,0
10,0_10_1-eth9,0,0
10,0_10_1-eth11,0,0
10,0_10_1-eth13,0,0
10,0_10_1-eth15,0,0
10,0_11_1-eth2,0,0
10,0_11_1-eth4,0,0
10,0_11_1-eth6,0,0
10,0_11_1-eth8,0,0
10,0_11_1-eth10,0,0
10,0_11_1-eth12,0,0
10,0_11_1-eth14,0,0
10,0_11_1-eth16,0,0
10,0_11_1-eth1,0,0
10,0_11_1-eth3,0,0
10,0_11_1-eth5,0,0
10,0_11_1-eth7,0,0
10,0_11_1-eth9,0,0
10,0_11_1-eth11,0,0
10,0_11_1-eth13,0,0
10,0_11_1-eth15,0,0
10,0_12_1-eth2,0,0
10,0_12_1-eth4,0,0
10,0_12_1-eth6,0,0
10,0_12_1-eth8,0,0
10,0_12_1-eth10,0,0
10,0_12_1-eth12,0,0
10,0_12_1-eth14,0,0
10,0_12_1-eth16,0,0
10,0_12_1-eth1,0,0
10,0_12_1-eth3,0,0
10,0_12_1-eth5,0,0
10,0_12_1-eth7,0,0
10,0_12_1-eth9,0,0
10,0_12_1-eth11,0,0
10,0_12_1-eth13,0,0
10,0_12_1-eth15,0,0
10,0_13_1-eth2,0,0
10,0_13_1-eth4,0,0
10,0_13_1-eth6,0,0
10,0_13_1-eth8,0,0
10,0_13_1-eth10,0,0
10,0_13_1-eth12,0,0
10,0_13_1-eth14,0,0
10,0_13_1-eth16,0,0
10,0_13_1-eth1,0,0
10,0_13_1-eth3,0,0
10,0_13_1-eth5,0,0
10,0_13_1-eth7,0,0
10,0_13_1-eth9,0,0
10,0_13_1-eth11,0,0
10,0_13_1-eth13,0,0
10,0_13_1-eth15,0,0
10,0_14_1-eth2,0,0
10,0_14_1-eth4,0,0
10,0_14_1-eth6,0,0
10,0_14_1-eth8,0,0
10,0_14_1-eth10,0,0
10,0_14_1-eth12,0,0
10,0_14_1-eth14,0,0
10,0_14_1-eth16,0,0
10,0_14_1-eth1,0,0
10,0_14_1-eth3,0,0
10,0_14_1-eth5,0,0
10,0_14_1-eth7,0,0
10,0_14_1-eth9,0,0
10,0_14_1-eth11,0,0
10,0_14_1-eth13,0,0
10,0_14_1-eth15,0,0
10,0_15_1-eth2,0,0
10,0_15_1-eth4,0,0
10,0_15_1-eth6,0,0
10,0_15_1-eth8,0,0
10,0_15_1-eth10,0,0
10,0_15_1-eth12,0,0
10,0_15_1-eth14,0,0
10,0_15_1-eth16,0,0
10,0_15_1-eth1,0,0
10,0_15_1-eth3,0,0
10,0_15_1-eth5,0,0
10,0_15_1-eth7,0,0
10,0_15_1-eth9,0,0
10,0_15_1-eth11,0,0
10,0_15_1-eth13,0,0
10,0_15_1-eth15,0,0
10,0_1_1-eth2,0,0
10,0_1_1-eth4,0,0
10,0_1_1-eth6,0,0
10,0_1_1-eth8,0,0
10,0_1_1-eth10,0,0
10,0_1_1-eth12,0,0
10,0_1_1-eth14,0,0
10,0_1_1-eth16,0,0
10,0_1_1-eth1,0,0
10,0_1_1-eth3,0,0
10,0_1_1-eth5,0,0
10,0_1_1-eth7,0,0
10,0_1_1-eth9,0,0
10,0_1_1-eth11,0,0
10,0_1_1-eth13,0,0
10,0_1_1-eth15,0,0
10,0_2_1-eth2,0,0
10,0_2_1-eth4,0,0
10,0_2_1-eth6,0,0
10,0_2_1-eth8,0,0
10,0_2_1-eth10,0,0
10,0_2_1-eth12,0,0
10,0_2_1-eth14,0,0
10,0_2_1-eth16,0,0
10,0_2_1-eth1,0,0
10,0_2_1-eth3,0,0
10,0_2_1-eth5,0,0
10,0_2_1-eth7,0,0
10,0_2_1-eth9,0,0
10,0_2_1-eth11,0,0
10,0_2_1-eth13,0,0
10,0_2_1-eth15,0,0
10,0_3_1-eth2,0,0
10,0_3_1-eth4,0,0
10,0_3_1-eth6,0,0
10,0_3_1-eth8,0,0
10,0_3_1-eth10,0,0
10,0_3_1-eth12,0,0
10,0_3_1-eth14,0,0
10,0_3_1-eth16,0,0
10,0_3_1-eth1,0,0
10,0_3_1-eth3,0,0
10,0_3_1-eth5,0,0
10,0_3_1-eth7,0,0
10,0_3_1-eth9,0,0
10,0_3_1-eth11,0,0
10,0_3_1-eth13,0,0
10,0_3_1-eth15,0,0
10,0_4_1-eth2,0,0
10,0_4_1-eth4,0,0
10,0_4_1-eth6,0,0
10,0_4_1-eth8,0,0
10,0_4_1-eth10,0,0
10,0_4_1-eth12,0,0
10,0_4_1-eth14,0,0
10,0_4_1-eth16,0,0
10,0_4_1-eth1,0,0
10,0_4_1-eth3,0,0
10,0_4_1-eth5,0,0
10,0_4_1-eth7,0,0
10,0_4_1-eth9,0,0
10,0_4_1-eth11,0,0
10,0_4_1-eth13,0,0
10,0_4_1-eth15,0,0
10,0_5_1-eth2,0,0
10,0_5_1-eth4,0,0
10,0_5_1-eth6,0,0
10,0_5_1-eth8,0,0
10,0_5_1-eth10,0,0
10,0_5_1-eth12,0,0
10,0_5_1-eth14,0,0
10,0_5_1-eth16,0,0
10,0_5_1-eth1,0,0
10,0_5_1-eth3,0,0
10,0_5_1-eth5,0,0
10,0_5_1-eth7,0,0
10,0_5_1-eth9,0,0
10,0_5_1-eth11,0,0
10,0_5_1-eth13,0,0
10,0_5_1-eth15,0,0
10,0_6_1-eth2,0,0
10,0_6_1-eth4,0,0
10,0_6_1-eth6,0,0
10,0_6_1-eth8,0,0
10,0_6_1-eth10,0,0
10,0_6_1-eth12,0,0
10,0_6_1-eth14,0,0
10,0_6_1-eth16,0,0
10,0_6_1-eth1,0,0
10,0_6_1-eth3,0,0
10,0_6_1-eth5,0,0
10,0_6_1-eth7,0,0
10,0_6_1-eth9,0,0
10,0_6_1-eth11,0,0
10,0_6_1-eth13,0,0
10,0_6_1-eth15,0,0
10,0_7_1-eth2,0,0
10,0_7_1-eth4,0,0
10,0_7_1-eth6,0,0
10,0_7_1-eth8,0,0
10,0_7_1-eth10,0,0
10,0_7_1-eth12,0,0
10,0_7_1-eth14,0,0
10,0_7_1-eth16,0,0
10,0_7_1-eth1,0,0
10,0_7_1-eth3,0,0
10,0_7_1-eth5,0,0
10,0_7_1-eth7,0,0
10,0_7_1-eth9,0,0
10,0_7_1-eth11,0,0
10,0_7_1-eth13,0,0
10,0_7_1-eth15,0,0
10,16_1_1-eth1,0,0
10,16_1_1-eth2,0,0
10,16_1_1-eth3,0,0
10,16_1_1-eth4,0,0
10,16_1_1-eth5,0,0
10,16_1_1-eth6,0,0
10,16_1_1-eth7,0,0
10,16_1_1-eth8,0,0
10,16_1_1-eth9,0,0
10,16_1_1-eth10,0,0
10,16_1_1-eth11,0,0
10,16_1_1-eth12,0,0
10,16_1_1-eth13,0,0
10,16_1_1-eth14,0,0
10,16_1_1-eth15,0,0
10,16_1_1-eth16,0,0
10,16_1_2-eth1,0,0
10,16_1_2-eth2,0,0
10,16_1_2-eth3,0,0
10,16_1_2-eth4,0,0
10,16_1_2-eth5,0,0
10,16_1_2-eth6,0,0
10,16_1_2-eth7,0,0
10,16_1_2-eth8,0,0
10,16_1_2-eth9,0,0
10,16_1_2-eth10,0,0
10,16_1_2-eth11,0,0
10,16_1_2-eth12,0,0
10,16_1_2-eth13,0,0
10,16_1_2-eth14,0,0
10,16_1_2-eth15,0,0
10,16_1_2-eth16,0,0
10,16_1_3-eth1,0,0
10,16_1_3-eth2,0,0
10,16_1_3-eth3,0,0
10,16_1_3-eth4,0,0
10,16_1_3-eth5,0,0
10,16_1_3-eth6,0,0
10,16_1_3-eth7,0,0
10,16_1_3-eth8,0,0
10,16_1_3-eth9,0,0
10,16_1_3-eth10,0,0
10,16_1_3-eth11,0,0
10,16_1_3-eth12,0,0
10,16_1_3-eth13,0,0
10,16_1_3-eth14,0,0
10,16_1_3-eth15,0,0
10,16_1_3-eth16,0,0
10,16_1_4-eth1,0,0
10,16_1_4-eth2,0,0
10,16_1_4-eth3,0,0
10,16_1_4-eth4,0,0
10,16_1_4-eth5,0,0
10,16_1_4-eth6,0,0
10,16_1_4-eth7,0,0
10,16_1_4-eth8,0,0
10,16_1_4-eth9,0,0
10,16_1_4-eth10,0,0
10,16_1_4-eth11,0,0
10,16_1_4-eth12,0,0
10,16_1_4-eth13,0,0
10,16_1_4-eth14,0,0
10,16_1_4-eth15,0,0
10,16_1_4-eth16,0,0
10,16_1_5-eth1,0,0
10,16_1_5-eth2,0,0
10,16_1_5-eth3,0,0
10,16_1_5-eth4,0,0
10,16_1_5-eth5,0,0
10,16_1_5-eth6,0,0
10,16_1_5-eth7,0,0
10,16_1_5-eth8,0,0
10,16_1_5-eth9,0,0
10,16_1_5-eth10,0,0
10,16_1_5-eth11,0,0
10,16_1_5-eth12,0,0
10,16_1_5-eth13,0,0
10,16_1_5-eth14,0,0
10,16_1_5-eth15,0,0
10,16_1_5-eth16,0,0
10,16_1_6-eth1,0,0
10,16_1_6-eth2,0,0
10,16_1_6-eth3,0,0
10,16_1_6-eth4,0,0
10,16_1_6-eth5,0,0
10,16_1_6-eth6,0,0
10,16_1_6-eth7,0,0
10,16_1_6-eth8,0,0
10,16_1_6-eth9,0,0
10,16_1_6-eth10,0,0
10,16_1_6-eth11,0,0
10,16_1_6-eth12,0,0
10,16_1_6-eth13,0,0
10,16_1_6-eth14,0,0
10,16_1_6-eth15,0,0
10,16_1_6-eth16,0,0
10,16_1_7-eth1,0,0
10,16_1_7-eth2,0,0
10,16_1_7-eth3,0,0
10,16_1_7-eth4,0,0
10,16_1_7-eth5,0,0
10,16_1_7-eth6,0,0
10,16_1_7-eth7,0,0
10,16_1_7-eth8,0,0
10,16_1_7-eth9,0,0
10,16_1_7-eth10,0,0
10,16_1_7-eth11,0,0
10,16_1_7-eth12,0,0
10,16_1_7-eth13,0,0
10,16_1_7-eth14,0,0
10,16_1_7-eth15,0,0
10,16_1_7-eth16,0,0
10,16_1_8-eth1,0,0
10,16_1_8-eth2,0,0
10,16_1_8-eth3,0,0
10,16_1_8-eth4,0,0
10,16_1_8-eth5,0,0
10,16_1_8-eth6,0,0
10,16_1_8-eth7,0,0
10,16_1_8-eth8,0,0
10,16_1_8-eth9,0,0
10,16_1_8-eth10,0,0
10,16_1_8-eth11,0,0
10,16_1_8-eth12,0,0
10,16_1_8-eth13,0,0
10,16_1_8-eth14,0,0
10,16_1_8-eth15,0,0
10,16_1_8-eth16,0,0
10,16_2_1-eth1,0,0
10,16_2_1-eth2,0,0
10,16_2_1-eth3,0,0
10,16_2_1-eth4,0,0
10,16_2_1-eth5,0,0
10,16_2_1-eth6,0,0
10,16_2_1-eth7,0,0
10,16_2_1-eth8,0,0
10,16_2_1-eth9,0,0
10,16_2_1-eth10,0,0
10,16_2_1-eth11,0,0
10,16_2_1-eth12,0,0
10,16_2_1-eth13,0,0
10,16_2_1-eth14,0,0
10,16_2_1-eth15,0,0
10,16_2_1-eth16,0,0
10,16_2_2-eth1,0,0
10,16_2_2-eth2,0,0
10,16_2_2-eth3,0,0
10,16_2_2-eth4,0,0
10,16_2_2-eth5,0,0
10,16_2_2-eth6,0,0
10,16_2_2-eth7,0,0
10,16_2_2-eth8,0,0
10,16_2_2-eth9,0,0
10,16_2_2-eth10,0,0
10,16_2_2-eth11,0,0
10,16_2_2-eth12,0,0
10,16_2_2-eth13,0,0
10,16_2_2-eth14,0,0
10,16_2_2-eth15,0,0
10,16_2_2-eth16,0,0
10,16_2_3-eth1,0,0
10,16_2_3-eth2,0,0
10,16_2_3-eth3,0,0
10,16_2_3-eth4,0,0
10,16_2_3-eth5,0,0
10,16_2_3-eth6,0,0
10,16_2_3-eth7,0,0
10,16_2_3-eth8,0,0
10,16_2_3-eth9,0,0
10,16_2_3-eth10,0,0
10,16_2_3-eth11,0,0
10,16_2_3-eth12,0,0
10,16_2_3-eth13,0,0
10,16_2_3-eth14,0,0
10,16_2_3-eth15,0,0
10,16_2_3-eth16,0,0
10,16_2_4-eth1,0,0
10,16_2_4-eth2,0,0
10,16_2_4-eth3,0,0
10,16_2_4-eth4,0,0
10,16_2_4-eth5,0,0
10,16_2_4-eth6,0,0
10,16_2_4-eth7,0,0
10,16_2_4-eth8,0,0
10,16_2_4-eth9,0,0
10,16_2_4-eth10,0,0
10,16_2_4-eth11,0,0
10,16_2_4-eth12,0,0
10,16_2_4-eth13,0,0
10,16_2_4-eth14,0,0
10,16_2_4-eth15,0,0
10,16_2_4-eth16,0,0
10,16_2_5-eth1,0,0
10,16_2_5-eth2,0,0
10,16_2_5-eth3,0,0
10,16_2_5-eth4,0,0
10,16_2_5-eth5,0,0
10,16_2_5-eth6,0,0
10,16_2_5-eth7,0,0
10,16_2_5-eth8,0,0
10,16_2_5-eth9,0,0
10,16_2_5-eth10,0,0
10,16_2_5-eth11,0,0
10,16_2_5-eth12,0,0
10,16_2_5-eth13,0,0
10,16_2_5-eth14,0,0
10,16_2_5-eth15,0,0
10,16_2_5-eth16,0,0
10,16_2_6-eth1,0,0
10,16_2_6-eth2,0,0
10,16_2_6-eth3,0,0
10,16_2_6-eth4,0,0
10,16_2_6-eth5,0,0
10,16_2_6-eth6,0,0
10,16_2_6-eth7,0,0
10,16_2_6-eth8,0,0
10,16_2_6-eth9,0,0
10,16_2_6-eth10,0,0
10,16_2_6-eth11,0,0
10,16_2_6-eth12,0,0
10,16_2_6-eth13,0,0
10,16_2_6-eth14,0,0
10,16_2_6-eth15,0,0
10,16_2_6-eth16,0,0
10,16_2_7-eth1,0,0
10,16_2_7-eth2,0,0
10,16_2_7-eth3,0,0
10,16_2_7-eth4,0,0
10,16_2_7-eth5,0,0
10,16_2_7-eth6,0,0
10,16_2_7-eth7,0,0
10,16_2_7-eth8,0,0
10,16_2_7-eth9,0,0
10,16_2_7-eth10,0,0
10,16_2_7-eth11,0,0
10,16_2_7-eth12,0,0
10,16_2_7-eth13,0,0
10,16_2_7-eth14,0,0
10,16_2_7-eth15,0,0
10,16_2_7-eth16,0,0
10,16_2_8-eth1,0,0
10,16_2_8-eth2,0,0
10,16_2_8-eth3,0,0
10,16_2_8-eth4,0,0
10,16_2_8-eth5,0,0
10,16_2_8-eth6,0,0
10,16_2_8-eth7,0,0
10,16_2_8-eth8,0,0
10,16_2_8-eth9,0,0
10,16_2_8-eth10,0,0
10,16_2_8-eth11,0,0
10,16_2_8-eth12,0,0
10,16_2_8-eth13,0,0
10,16_2_8-eth14,0,0
10,16_2_8-eth15,0,0
10,16_2_8-eth16,0,0
10,16_3_1-eth1,0,0
10,16_3_1-eth2,0,0
10,16_3_1-eth3,0,0
10,16_3_1-eth4,0,0
10,16_3_1-eth5,0,0
10,16_3_1-eth6,0,0
10,16_3_1-eth7,0,0
10,16_3_1-eth8,0,0
10,16_3_1-eth9,0,0
10,16_3_1-eth10,0,0
10,16_3_1-eth11,0,0
10,16_3_1-eth12,0,0
10,16_3_1-eth13,0,0
10,16_3_1-eth14,0,0
10,16_3_1-eth15,0,0
10,16_3_1-eth16,0,0
10,16_3_2-eth1,0,0
10,16_3_2-eth2,0,0
10,16_3_2-eth3,0,0
10,16_3_2-eth4,0,0
10,16_3_2-eth5,0,0
10,16_3_2-eth6,0,0
10,16_3_2-eth7,0,0
10,16_3_2-eth8,0,0
10,16_3_2-eth9,0,0
10,16_3_2-eth10,0,0
10,16_3_2-eth11,0,0
10,16_3_2-eth12,0,0
10,16_3_2-eth13,0,0
10,16_3_2-eth14,0,0
10,16_3_2-eth15,0,0
10,16_3_2-eth16,0,0
10,16_3_3-eth1,0,0
10,16_3_3-eth2,0,0
10,16_3_3-eth3,0,0
10,16_3_3-eth4,0,0
10,16_3_3-eth5,0,0
10,16_3_3-eth6,0,0
10,16_3_3-eth7,0,0
10,16_3_3-eth8,0,0
10,16_3_3-eth9,0,0
10,16_3_3-eth10,0,0
10,16_3_3-eth11,0,0
10,16_3_3-eth12,0,0
10,16_3_3-eth13,0,0
10,16_3_3-eth14,0,0
10,16_3_3-eth15,0,0
10,16_3_3-eth16,0,0
10,16_3_4-eth1,0,0
10,16_3_4-eth2,0,0
10,16_3_4-eth3,0,0
10,16_3_4-eth4,0,0
10,16_3_4-eth5,0,0
10,16_3_4-eth6,0,0
10,16_3_4-eth7,0,0
10,16_3_4-eth8,0,0
10,16_3_4-eth9,0,0
10,16_3_4-eth10,0,0
10,16_3_4-eth11,0,0
10,16_3_4-eth12,0,0
10,16_3_4-eth13,0,0
10,16_3_4-eth14,0,0
10,16_3_4-eth15,0,0
10,16_3_4-eth16,0,0
10,16_3_5-eth1,0,0
10,16_3_5-eth2,0,0
10,16_3_5-eth3,0,0
10,16_3_5-eth4,0,0
10,16_3_5-eth5,0,0
10,16_3_5-eth6,0,0
10,16_3_5-eth7,0,0
10,16_3_5-eth8,0,0
10,16_3_5-eth9,0,0
10,16_3_5-eth10,0,0
10,16_3_5-eth11,0,0
10,16_3_5-eth12,0,0
10,16_3_5-eth13,0,0
10,16_3_5-eth14,0,0
10,16_3_5-eth15,0,0
10,16_3_5-eth16,0,0
10,16_3_6-eth1,0,0
10,16_3_6-eth2,0,0
10,16_3_6-eth3,0,0
10,16_3_6-eth4,0,0
10,16_3_6-eth5,0,0
10,16_3_6-eth6,0,0
10,16_3_6-eth7,0,0
10,16_3_6-eth8,0,0
10,16_3_6-eth9,0,0
10,16_3_6-eth10,0,0
10,16_3_6-eth11,0,0
10,16_3_6-eth12,0,0
10,16_3_6-eth13,0,0
10,16_3_6-eth14,0,0
10,16_3_6-eth15,0,0
10,16_3_6-eth16,0,0
10,16_3_7-eth1,0,0
10,16_3_7-eth2,0,0
10,16_3_7-eth3,0,0
10,16_3_7-eth4,0,0
10,16_3_7-eth5,0,0
10,16_3_7-eth6,0,0
10,16_3_7-eth7,0,0
10,16_3_7-eth8,0,0
10,16_3_7-eth9,0,0
10,16_3_7-eth10,0,0
10,16_3_7-eth11,0,0
10,16_3_7-eth12,0,0
10,16_3_7-eth13,0,0
10,16_3_7-eth14,0,0
10,16_3_7-eth15,0,0
10,16_3_7-eth16,0,0
10,16_3_8-eth1,0,0
10,16_3_8-eth2,0,0
10,16_3_8-eth3,0,0
10,16_3_8-eth4,0,0
10,16_3_8-eth5,0,0
10,16_3_8-eth6,0,0
10,16_3_8-eth7,0,0
10,16_3_8-eth8,0,0
10,16_3_8-eth9,0,0
10,16_3_8-eth10,0,0
10,16_3_8-eth11,0,0
10,16_3_8-eth12,0,0
10,16_3_8-eth13,0,0
10,16_3_8-eth14,0,0
10,16_3_8-eth15,0,0
10,16_3_8-eth16,0,0
10,16_4_1-eth1,0,0
10,16_4_1-eth2,0,0
10,16_4_1-eth3,0,0
10,16_4_1-eth4,0,0
10,16_4_1-eth5,0,0
10,16_4_1-eth6,0,0
10,16_4_1-eth7,0,0
10,16_4_1-eth8,0,0
10,16_4_1-eth9,0,0
10,16_4_1-eth10,0,0
10,16_4_1-eth11,0,0
10,16_4_1-eth12,0,0
10,16_4_1-eth13,0,0
10,16_4_1-eth14,0,0
10,16_4_1-eth15,0,0
10,16_4_1-eth16,0,0
10,16_4_2-eth1,0,0
10,16_4_2-eth2,0,0
10,16_4_2-eth3,0,0
10,16_4_2-eth4,0,0
10,16_4_2-eth5,0,0
10,16_4_2-eth6,0,0
10,16_4_2-eth7,0,0
10,16_4_2-eth8,0,0
10,16_4_2-eth9,0,0
10,16_4_2-eth10,0,0
10,16_4_2-eth11,0,0
10,16_4_2-eth12,0,0
10,16_4_2-eth13,0,0
10,16_4_2-eth14,0,0
10,16_4_2-eth15,0,0
10,16_4_2-eth16,0,0
10,16_4_3-eth1,0,0
10,16_4_3-eth2,0,0
10,16_4_3-eth3,0,0
10,16_4_3-eth4,0,0
10,16_4_3-eth5,0,0
10,16_4_3-eth6,0,0
10,16_4_3-eth7,0,0
10,16_4_3-eth8,0,0
10,16_4_3-eth9,0,0
10,16_4_3-eth10,0,0
10,16_4_3-eth11,0,0
10,16_4_3-eth12,0,0
10,16_4_3-eth13,0,0
10,16_4_3-eth14,0,0
10,16_4_3-eth15,0,0
10,16_4_3-eth16,0,0
10,16_4_4-eth1,0,0
10,16_4_4-eth2,0,0
10,16_4_4-eth3,0,0
10,16_4_4-eth4,0,0
10,16_4_4-eth5,0,0
10,16_4_4-eth6,0,0
10,16_4_4-eth7,0,0
10,16_4_4-eth8,0,0
10,16_4_4-eth9,0,0
10,16_4_4-eth10,0,0
10,16_4_4-eth11,0,0
10,16_4_4-eth12,0,0
10,16_4_4-eth13,0,0
10,16_4_4-eth14,0,0
10,16_4_4-eth15,0,0
10,16_4_4-eth16,0,0
10,16_4_5-eth1,0,0
10,16_4_5-eth2,0,0
10,16_4_5-eth3,0,0
10,16_4_5-eth4,0,0
10,16_4_5-eth5,0,0
10,16_4_5-eth6,0,0
10,16_4_5-eth7,0,0
10,16_4_5-eth8,0,0
10,16_4_5-eth9,0,0
10,16_4_5-eth10,0,0
10,16_4_5-eth11,0,0
10,16_4_5-eth12,0,0
10,16_4_5-eth13,0,0
10,16_4_5-eth14,0,0
10,16_4_5-eth15,0,0
10,16_4_5-eth16,0,0
10,16_4_6-eth1,0,0
10,16_4_6-eth2,0,0
10,16_4_6-eth3,0,0
10,16_4_6-eth4,0,0
10,16_4_6-eth5,0,0
10,16_4_6-eth6,0,0
10,16_4_6-eth7,0,0
10,16_4_6-eth8,0,0
10,16_4_6-eth9,0,0
10,16_4_6-eth10,0,0
10,16_4_6-eth11,0,0
10,16_4_6-eth12,0,0
10,16_4_6-eth13,0,0
10,16_4_6-eth14,0,0
10,16_4_6-eth15,0,0
10,16_4_6-eth16,0,0
10,16_4_7-eth1,0,0
10,16_4_7-eth2,0,0
10,16_4_7-eth3,0,0
10,16_4_7-eth4,0,0
10,16_4_7-eth5,0,0
10,16_4_7-eth6,0,0
10,16_4_7-eth7,0,0
10,16_4_7-eth8,0,0
10,16_4_7-eth9,0,0
10,16_4_7-eth10,0,0
10,16_4_7-eth11,0,0
10,16_4_7-eth12,0,0
10,16_4_7-eth13,0,0
10,16_4_7-eth14,0,0
10,16_4_7-eth15,0,0
10,16_4_7-eth16,0,0
10,16_4_8-eth1,0,0
10,16_4_8-eth2,0,0
10,16_4_8-eth3,0,0
10,16_4_8-eth4,0,0
10,16_4_8-eth5,0,0
10,16_4_8-eth6,0,0
10,16_4_8-eth7,0,0
10,16_4_8-eth8,0,0
10,16_4_8-eth9,0,0
10,16_4_8-eth10,0,0
10,16_4_8-eth11,0,0
10,16_4_8-eth12,0,0
10,16_4_8-eth13,0,0
10,16_4_8-eth14,0,0
10,16_4_8-eth15,0,0
10,16_4_8-eth16,0,0
10,16_5_1-eth1,0,0
10,16_5_1-eth2,0,0
10,16_5_1-eth3,0,0
10,16_5_1-eth4,0,0
10,16_5_1-eth5,0,0
10,16_5_1-eth6,0,0
10,16_5_1-eth7,0,0
10,16_5_1-eth8,0,0
10,16_5_1-eth9,0,0
10,16_5_1-eth10,0,0
10,16_5_1-eth11,0,0
10,16_5_1-eth12,0,0
10,16_5_1-eth13,0,0
10,16_5_1-eth14,0,0
10,16_5_1-eth15,0,0
10,16_5_1-eth16,0,0
10,16_5_2-eth1,0,0
10,16_5_2-eth2,0,0
10,16_5_2-eth3,0,0
10,16_5_2-eth4,0,0
10,16_5_2-eth5,0,0
10,16_5_2-eth6,0,0
10,16_5_2-eth7,0,0
10,16_5_2-eth8,0,0
10,16_5_2-eth9,0,0
10,16_5_2-eth10,0,0
10,16_5_2-eth11,0,0
10,16_5_2-eth12,0,0
10,16_5_2-eth13,0,0
10,16_5_2-eth14,0,0
10,16_5_2-eth15,0,0
10,16_5_2-eth16,0,0
10,16_5_3-eth1,0,0
10,16_5_3-eth2,0,0
10,16_5_3-eth3,0,0
10,16_5_3-eth4,0,0
10,16_5_3-eth5,0,0
10,16_5_3-eth6,0,0
10,16_5_3-eth7,0,0
10,16_5_3-eth8,0,0
10,16_5_3-eth9,0,0
10,16_5_3-eth10,0,0
10,16_5_3-eth11,0,0
10,16_5_3-eth12,0,0
10,16_5_3-eth13,0,0
10,16_5_3-eth14,0,0
10,16_5_3-eth15,0,0
10,16_5_3-eth16,0,0
10,16_5_4-eth1,0,0
10,16_5_4-eth2,0,0
10,16_5_4-eth3,0,0
10,16_5_4-eth4,0,0
10,16_5_4-eth5,0,0
10,16_5_4-eth6,0,0
10,16_5_4-eth7,0,0
10,16_5_4-eth8,0,0
10,16_5_4-eth9,0,0
10,16_5_4-eth10,0,0
10,16_5_4-eth11,0,0
10,16_5_4-eth12,0,0
10,16_5_4-eth13,0,0
10,16_5_4-eth14,0,0
10,16_5_4-eth15,0,0
10,16_5_4-eth16,0,0
10,16_5_5-eth1,0,0
10,16_5_5-eth2,0,0
10,16_5_5-eth3,0,0
10,16_5_5-eth4,0,0
10,16_5_5-eth5,0,0
10,16_5_5-eth6,0,0
10,16_5_5-eth7,0,0
10,16_5_5-eth8,0,0
10,16_5_5-eth9,0,0
10,16_5_5-eth10,0,0
10,16_5_5-eth11,0,0
10,16_5_5-eth12,0,0
10,16_5_5-eth13,0,0
10,16_5_5-eth14,0,0
10,16_5_5-eth15,0,0
10,16_5_5-eth16,0,0
10,16_5_6-eth1,0,0
10,16_5_6-eth2,0,0
10,16_5_6-eth3,0,0
10,16_5_6-eth4,0,0
10,16_5_6-eth5,0,0
10,16_5_6-eth6,0,0
10,16_5_6-eth7,0,0
10,16_5_6-eth8,0,0
10,16_5_6-eth9,0,0
10,16_5_6-eth10,0,0
10,16_5_6-eth11,0,0
10,16_5_6-eth12,0,0
10,16_5_6-eth13,0,0
10,16_5_6-eth14,0,0
10,16_5_6-eth15,0,0
10,16_5_6-eth16,0,0
10,16_5_7-eth1,0,0
10,16_5_7-eth2,0,0
10,16_5_7-eth3,0,0
10,16_5_7-eth4,0,0
10,16_5_7-eth5,0,0
10,16_5_7-eth6,0,0
10,16_5_7-eth7,0,0
10,16_5_7-eth8,0,0
10,16_5_7-eth9,0,0
10,16_5_7-eth10,0,0
10,16_5_7-eth11,0,0
10,16_5_7-eth12,0,0
10,16_5_7-eth13,0,0
10,16_5_7-eth14,0,0
10,16_5_7-eth15,0,0
10,16_5_7-eth16,0,0
10,16_5_8-eth1,0,0
10,16_5_8-eth2,0,0
10,16_5_8-eth3,0,0
10,16_5_8-eth4,0,0
10,16_5_8-eth5,0,0
10,16_5_8-eth6,0,0
10,16_5_8-eth7,0,0
10,16_5_8-eth8,0,0
10,16_5_8-eth9,0,0
10,16_5_8-eth10,0,0
10,16_5_8-eth11,0,0
10,16_5_8-eth12,0,0
10,16_5_8-eth13,0,0
10,16_5_8-eth14,0,0
10,16_5_8-eth15,0,0
10,16_5_8-eth16,0,0
10,16_6_1-eth1,0,0
10,16_6_1-eth2,0,0
10,16_6_1-eth3,0,0
10,16_6_1-eth4,0,0
10,16_6_1-eth5,0,0
10,16_6_1-eth6,0,0
10,16_6_1-eth7,0,0
10,16_6_1-eth8,0,0
10,16_6_1-eth9,0,0
10,16_6_1-eth10,0,0
10,16_6_1-eth11,0,0
10,16_6_1-eth12,0,0
10,16_6_1-eth13,0,0
10,16_6_1-eth14,0,0
10,16_6_1-eth15,0,0
10,16_6_1-eth16,0,0
10,16_6_2-eth1,0,0
10,16_6_2-eth2,0,0
10,16_6_2-eth3,0,0
10,16_6_2-eth4,0,0
10,16_6_2-eth5,0,0
10,16_6_2-eth6,0,0
10,16_6_2-eth7,0,0
10,16_6_2-eth8,0,0
10,16_6_2-eth9,0,0
10,16_6_2-eth10,0,0
10,16_6_2-eth11,0,0
10,16_6_2-eth12,0,0
10,16_6_2-eth13,0,0
10,16_6_2-eth14,0,0
10,16_6_2-eth15,0,0
10,16_6_2-eth16,0,0
10,16_6_3-eth1,0,0
10,16_6_3-eth2,0,0
10,16_6_3-eth3,0,0
10,16_6_3-eth4,0,0
10,16_6_3-eth5,0,0
10,16_6_3-eth6,0,0
10,16_6_3-eth7,0,0
10,16_6_3-eth8,0,0
10,16_6_3-eth9,0,0
10,16_6_3-eth10,0,0
10,16_6_3-eth11,0,0
10,16_6_3-eth12,0,0
10,16_6_3-eth13,0,0
10,16_6_3-eth14,0,0
10,16_6_3-eth15,0,0
10,16_6_3-eth16,0,0
10,16_6_4-eth1,0,0
10,16_6_4-eth2,0,0
10,16_6_4-eth3,0,0
10,16_6_4-eth4,0,0
10,16_6_4-eth5,0,0
10,16_6_4-eth6,0,0
10,16_6_4-eth7,0,0
10,16_6_4-eth8,0,0
10,16_6_4-eth9,0,0
10,16_6_4-eth10,0,0
10,16_6_4-eth11,0,0
10,16_6_4-eth12,0,0
10,16_6_4-eth13,0,0
10,16_6_4-eth14,0,0
10,16_6_4-eth15,0,0
10,16_6_4-eth16,0,0
10,16_6_5-eth1,0,0
10,16_6_5-eth2,0,0
10,16_6_5-eth3,0,0
10,16_6_5-eth4,0,0
10,16_6_5-eth5,0,0
10,16_6_5-eth6,0,0
10,16_6_5-eth7,0,0
10,16_6_5-eth8,0,0
10,16_6_5-eth9,0,0
10,16_6_5-eth10,0,0
10,16_6_5-eth11,0,0
10,16_6_5-eth12,0,0
10,16_6_5-eth13,0,0
10,16_6_5-eth14,0,0
10,16_6_5-eth15,0,0
10,16_6_5-eth16,0,0
10,16_6_6-eth1,0,0
10,16_6_6-eth2,0,0
10,16_6_6-eth3,0,0
10,16_6_6-eth4,0,0
10,16_6_6-eth5,0,0
10,16_6_6-eth6,0,0
10,16_6_6-eth7,0,0
10,16_6_6-eth8,0,0
10,16_6_6-eth9,0,0
10,16_6_6-eth10,0,0
10,16_6_6-eth11,0,0
10,16_6_6-eth12,0,0
10,16_6_6-eth13,0,0
10,16_6_6-eth14,0,0
10,16_6_6-eth15,0,0
10,16_6_6-eth16,0,0
10,16_6_7-eth1,0,0
10,16_6_7-eth2,0,0
10,16_6_7-eth3,0,0
10,16_6_7-eth4,0,0
10,16_6_7-eth5,0,0
10,16_6_7-eth6,0,0
10,16_6_7-eth7,0,0
10,16_6_7-eth8,0,0
10,16_6_7-eth9,0,0
10,16_6_7-eth10,0,0
10,16_6_7-eth11,0,0
10,16_6_7-eth12,0,0
10,16_6_7-eth13,0,0
10,16_6_7-eth14,0,0
10,16_6_7-eth15,0,0
10,16_6_7-eth16,0,0
10,16_6_8-eth1,0,0
10,16_6_8-eth2,0,0
10,16_6_8-eth3,0,0
10,16_6_8-eth4,0,0
10,16_6_8-eth5,0,0
10,16_6_8-eth6,0,0
10,16_6_8-eth7,0,0
10,16_6_8-eth8,0,0
10,16_6_8-eth9,0,0
10,16_6_8-eth10,0,0
10,16_6_8-eth11,0,0
10,16_6_8-eth12,0,0
10,16_6_8-eth13,0,0
10,16_6_8-eth14,0,0
10,16_6_8-eth15,0,0
10,16_6_8-eth16,0,0
10,16_7_1-eth1,0,0
10,16_7_1-eth2,0,0
10,16_7_1-eth3,0,0
10,16_7_1-eth4,0,0
10,16_7_1-eth5,0,0
10,16_7_1-eth6,0,0
10,16_7_1-eth7,0,0
10,16_7_1-eth8,0,0
10,16_7_1-eth9,0,0
10,16_7_1-eth10,0,0
10,16_7_1-eth11,0,0
10,16_7_1-eth12,0,0
10,16_7_1-eth13,0,0
10,16_7_1-eth14,0,0
10,16_7_1-eth15,0,0
10,16_7_1-eth16,0,0
10,16_7_2-eth1,0,0
10,16_7_2-eth2,0,0
10,16_7_2-eth3,0,0
10,16_7_2-eth4,0,0
10,16_7_2-eth5,0,0
10,16_7_2-eth6,0,0
10,16_7_2-eth7,0,0
10,16_7_2-eth8,0,0
10,16_7_2-eth9,0,0
10,16_7_2-eth10,0,0
10,16_7_2-eth11,0,0
10,16_7_2-eth12,0,0
10,16_7_2-eth13,0,0
10,16_7_2-eth14,0,0
10,16_7_2-eth15,0,0
10,16_7_2-eth16,0,0
10,16_7_3-eth1,0,0
10,16_7_3-eth2,0,0
10,16_7_3-eth3,0,0
10,16_7_3-eth4,0,0
10,16_7_3-eth5,0,0
10,16_7_3-eth6,0,0
10,16_7_3-eth7,0,0
10,16_7_3-eth8,0,0
10,16_7_3-eth9,0,0
10,16_7_3-eth10,0,0
10,16_7_3-eth11,0,0
10,16_7_3-eth12,0,0
10,16_7_3-eth13,0,0
10,16_7_3-eth14,0,0
10,16_7_3-eth15,0,0
10,16_7_3-eth16,0,0
10,16_7_4-eth1,0,0
10,16_7_4-eth2,0,0
10,16_7_4-eth3,0,0
10,16_7_4-eth4,0,0
10,16_7_4-eth5,0,0
10,16_7_4-eth6,0,0
10,16_7_4-eth7,0,0
10,16_7_4-eth8,0,0
10,16_7_4-eth9,0,0
10,16_7_4-eth10,0,0
10,16_7_4-eth11,0,0
10,16_7_4-eth12,0,0
10,16_7_4-eth13,0,0
10,16_7_4-eth14,0,0
10,16_7_4-eth15,0,0
10,16_7_4-eth16,0,0
10,16_7_5-eth1,0,0
10,16_7_5-eth2,0,0
10,16_7_5-eth3,0,0
10,16_7_5-eth4,0,0
10,16_7_5-eth5,0,0
10,16_7_5-eth6,0,0
10,16_7_5-eth7,0,0
10,16_7_5-eth8,0,0
10,16_7_5-eth9,0,0
10,16_7_5-eth10,0,0
10,16_7_5-eth11,0,0
10,16_7_5-eth12,0,0
10,16_7_5-eth13,0,0
10,16_7_5-eth14,0,0
10,16_7_5-eth15,0,0
10,16_7_5-eth16,0,0
10,16_7_6-eth1,0,0
10,16_7_6-eth2,0,0
10,16_7_6-eth3,0,0
10,16_7_6-eth4,0,0
10,16_7_6-eth5,0,0
10,16_7_6-eth6,0,0
10,16_7_6-eth7,0,0
10,16_7_6-eth8,0,0
10,16_7_6-eth9,0,0
10,16_7_6-eth10,0,0
10,16_7_6-eth11,0,0
10,16_7_6-eth12,0,0
10,16_7_6-eth13,0,0
10,16_7_6-eth14,0,0
10,16_7_6-eth15,0,0
10,16_7_6-eth16,0,0
10,16_7_7-eth1,0,0
10,16_7_7-eth2,0,0
10,16_7_7-eth3,0,0
10,16_7_7-eth4,0,0
10,16_7_7-eth5,0,0
10,16_7_7-eth6,0,0
10,16_7_7-eth7,0,0
10,16_7_7-eth8,0,0
10,16_7_7-eth9,0,0
10,16_7_7-eth10,0,0
10,16_7_7-eth11,0,0
10,16_7_7-eth12,0,0
10,16_7_7-eth13,0,0
10,16_7_7-eth14,0,0
10,16_7_7-eth15,0,0
10,16_7_7-eth16,0,0
10,16_7_8-eth1,0,0
10,16_7_8-eth2,0,0
10,16_7_8-eth3,0,0
10,16_7_8-eth4,0,0
10,16_7_8-eth5,0,0
10,16_7_8-eth6,0,0
10,16_7_8-eth7,0,0
10,16_7_8-eth8,0,0
10,16_7_8-eth9,0,0
10,16_7_8-eth10,0,0
10,16_7_8-eth11,0,0
10,16_7_8-eth12,0,0
10,16_7_8-eth13,0,0
10,16_7_8-eth14,0,0
10,16_7_8-eth15,0,0
10,16_7_8-eth16,0,0
10,16_8_1-eth1,0,0
10,16_8_1-eth2,0,0
10,16_8_1-eth3,0,0
10,16_8_1-eth4,0,0
10,16_8_1-eth5,0,0
10,16_8_1-eth6,0,0
10,16_8_1-eth7,0,0
10,16_8_1-eth8,0,0
10,16_8_1-eth9,0,0
10,16_8_1-eth10,0,0
10,16_8_1-eth11,0,0
10,16_8_1-eth12,0,0
10,16_8_1-eth13,0,0
10,16_8_1-eth14,0,0
10,16_8_1-eth15,0,0
10,16_8_1-eth16,0,0
10,16_8_2-eth1,0,0
10,16_8_2-eth2,0,0
10,16_8_2-eth3,0,0
10,16_8_2-eth4,0,0
10,16_8_2-eth5,0,0
10,16_8_2-eth6,0,0
10,16_8_2-eth7,0,0
10,16_8_2-eth8,0,0
10,16_8_2-eth9,0,0
10,16_8_2-eth10,0,0
10,16_8_2-eth11,0,0
10,16_8_2-eth12,0,0
10,16_8_2-eth13,0,0
10,16_8_2-eth14,0,0
10,16_8_2-eth15,0,0
10,16_8_2-eth16,0,0
10,16_8_3-eth1,0,0
10,16_8_3-eth2,0,0
10,16_8_3-eth3,0,0
10,16_8_3-eth4,0,0
10,16_8_3-eth5,0,0
10,16_8_3-eth6,0,0
10,16_8_3-eth7,0,0
10,16_8_3-eth8,0,0
10,16_8_3-eth9,0,0
10,16_8_3-eth10,0,0
10,16_8_3-eth11,0,0
10,16_8_3-eth12,0,0
10,16_8_3-eth13,0,0
10,16_8_3-eth14,0,0
10,16_8_3-eth15,0,0
10,16_8_3-eth16,0,0
10,16_8_4-eth1,0,0
10,16_8_4-eth2,0,0
10,16_8_4-eth3,0,0
10,16_8_4-eth4,0,0
10,16_8_4-eth5,0,0
10,16_8_4-eth6,0,0
10,16_8_4-eth7,0,0
10,16_8_4-eth8,0,0
10,16_8_4-eth9,0,0
10,16_8_4-eth10,0,0
10,16_8_4-eth11,0,0
10,16_8_4-eth12,0,0
10,16_8_4-eth13,0,0
10,16_8_4-eth14,0,0
10,16_8_4-eth15,0,0
10,16_8_4-eth16,0,0
10,16_8_5-eth1,0,0
10,16_8_5-eth2,0,0
10,16_8_5-eth3,0,0
10,16_8_5-eth4,0,0
10,16_8_5-eth5,0,0
10,16_8_5-eth6,0,0
10,16_8_5-eth7,0,0
10,16_8_5-eth8,0,0
10,16_8_5-eth9,0,0
10,16_8_5-eth10,0,0
10,16_8_5-eth11,0,0
10,16_8_5-eth12,0,0
10,16_8_5-eth13,0,0
10,16_8_5-eth14,0,0
10,16_8_5-eth15,0,0
10,16_8_5-eth16,0,0
10,16_8_6-eth1,0,0
10,16_8_6-eth2,0,0
10,16_8_6-eth3,0,0
10,16_8_6-eth4,0,0
10,16_8_6-eth5,0,0
10,16_8_6-eth6,0,0
10,16_8_6-eth7,0,0
10,16_8_6-eth8,0,0
10,16_8_6-eth9,0,0
10,16_8_6-eth10,0,0
10,16_8_6-eth11,0,0
10,16_8_6-eth12,0,0
10,16_8_6-eth13,0,0
10,16_8_6-eth14,0,0
10,16_8_6-eth15,0,0
10,16_8_6-eth16,0,0
10,16_8_7-eth1,0,0
10,16_8_7-eth2,0,0
10,16_8_7-eth3,0,0
10,16_8_7-eth4,0,0
10,16_8_7-eth5,0,0
10,16_8_7-eth6,0,0
10,16_8_7-eth7,0,0
10,16_8_7-eth8,0,0
10,16_8_7-eth9,0,0
10,16_8_7-eth10,0,0
10,16_8_7-eth11,0,0
10,16_8_7-eth12,0,0
10,16_8_7-eth13,0,0
10,16_8_7-eth14,0,0
10,16_8_7-eth15,0,0
10,16_8_7-eth16,0,0
10,16_8_8-eth1,0,0
10,16_8_8-eth2,0,0
10,16_8_8-eth3,0,0
10,16_8_8-eth4,0,0
10,16_8_8-eth5,0,0
10,16_8_8-eth6,0,0
10,16_8_8-eth7,0,0
10,16_8_8-eth8,0,0
10,16_8_8-eth9,0,0
10,16_8_8-eth10,0,0
10,16_8_8-eth11,0,0
10,16_8_8-eth12,0,0
10,16_8_8-eth13,0,0
10,16_8_8-eth14,0,0
10,16_8_8-eth15,0,0
10,16_8_8-eth16,0,0
10,1_0_1-eth2,0,0
10,1_0_1-eth4,0,0
10,1_0_1-eth6,0,0
10,1_0_1-eth8,0,0
10,1_0_1-eth10,0,0
10,1_0_1-eth12,0,0
10,1_0_1-eth14,0,0
10,1_0_1-eth16,0,0
10,1_0_1-eth1,0,0
10,1_0_1-eth3,0,0
10,1_0_1-eth5,0,0
10,1_0_1-eth7,0,0
10,1_0_1-eth9,0,0
10,1_0_1-eth11,0,0
10,1_0_1-eth13,0,0
10,1_0_1-eth15,0,0
10,1_8_1-eth2,0,0
10,1_8_1-eth4,0,0
10,1_8_1-eth6,0,0
10,1_8_1-eth8,0,0
10,1_8_1-eth10,0,0
10,1_8_1-eth12,0,0
10,1_8_1-eth14,0,0
10,1_8_1-eth16,0,0
10,1_8_1-eth1,0,0
10,1_8_1-eth3,0,0
10,1_8_1-eth5,0,0
10,1_8_1-eth7,0,0
10,1_8_1-eth9,0,0
10,1_8_1-eth11,0,0
10,1_8_1-eth13,0,0
10,1_8_1-eth15,0,0
10,1_9_1-eth2,0,0
10,1_9_1-eth4,0,0
10,1_9_1-eth6,0,0
10,1_9_1-eth8,0,0
10,1_9_1-eth10,0,0
10,1_9_1-eth12,0,0
10,1_9_1-eth14,0,0
10,1_9_1-eth16,0,0
10,1_9_1-eth1,0,0
10,1_9_1-eth3,0,0
10,1_9_1-eth5,0,0
10,1_9_1-eth7,0,0
10,1_9_1-eth9,0,0
10,1_9_1-eth11,0,0
10,1_9_1-eth13,0,0
10,1_9_1-eth15,0,0
10,1_10_1-eth2,0,0
10,1_10_1-eth4,0,0
10,1_10_1-eth6,0,0
10,1_10_1-eth8,0,0
10,1_10_1-eth10,0,0
10,1_10_1-eth12,0,0
10,1_10_1-eth14,0,0
10,1_10_1-eth16,0,0
10,1_10_1-eth1,0,0
10,1_10_1-eth3,0,0
10,1_10_1-eth5,0,0
10,1_10_1-eth7,0,0
10,1_10_1-eth9,0,0
10,1_10_1-eth11,0,0
10,1_10_1-eth13,0,0
10,1_10_1-eth15,0,0
10,1_11_1-eth2,0,0
10,1_11_1-eth4,0,0
10,1_11_1-eth6,0,0
10,1_11_1-eth8,0,0
10,1_11_1-eth10,0,0
10,1_11_1-eth12,0,0
10,1_11_1-eth14,0,0
10,1_11_1-eth16,0,0
10,1_11_1-eth1,0,0
10,1_11_1-eth3,0,0
10,1_11_1-eth5,0,0
10,1_11_1-eth7,0,0
10,1_11_1-eth9,0,0
10,1_11_1-eth11,0,0
10,1_11_1-eth13,0,0
10,1_11_1-eth15,0,0
10,1_12_1-eth2,0,0
10,1_12_1-eth4,0,0
10,1_12_1-eth6,0,0
10,1_12_1-eth8,0,0
10,1_12_1-eth10,0,0
10,1_12_1-eth12,0,0
10,1_12_1-eth14,0,0
10,1_12_1-eth16,0,0
10,1_12_1-eth1,0,0
10,1_12_1-eth3,0,0
10,1_12_1-eth5,0,0
10,1_12_1-eth7,0,0
10,1_12_1-eth9,0,0
10,1_12_1-eth11,0,0
10,1_12_1-eth13,0,0
10,1_12_1-eth15,0,0
10,1_13_1-eth2,0,0
10,1_13_1-eth4,0,0
10,1_13_1-eth6,0,0
10,1_13_1-eth8,0,0
10,1_13_1-eth10,0,0
10,1_13_1-eth12,0,0
10,1_13_1-eth14,0,0
10,1_13_1-eth16,0,0
10,1_13_1-eth1,0,0
10,1_13_1-eth3,0,0
10,1_13_1-eth5,0,0
10,1_13_1-eth7,0,0
10,1_13_1-eth9,0,0
10,1_13_1-eth11,0,0
10,1_13_1-eth13,0,0
10,1_13_1-eth15,0,0
10,1_14_1-eth2,0,0
10,1_14_1-eth4,0,0
10,1_14_1-eth6,0,0
10,1_14_1-eth8,0,0
10,1_14_1-eth10,0,0
10,1_14_1-eth12,0,0
10,1_14_1-eth14,0,0
10,1_14_1-eth16,0,0
10,1_14_1-eth1,0,0
10,1_14_1-eth3,0,0
10,1_14_1-eth5,0,0
10,1_14_1-eth7,0,0
10,1_14_1-eth9,0,0
10,1_14_1-eth11,0,0
10,1_14_1-eth13,0,0
10,1_14_1-eth15,0,0
10,1_15_1-eth2,0,0
10,1_15_1-eth4,0,0
10,1_15_1-eth6,0,0
10,1_15_1-eth8,0,0
10,1_15_1-eth10,0,0
10,1_15_1-eth12,0,0
10,1_15_1-eth14,0,0
10,1_15_1-eth16,0,0
10,1_15_1-eth1,0,0
10,1_15_1-eth3,0,0
10,1_15_1-eth5,0,0
10,1_15_1-eth7,0,0
10,1_15_1-eth9,0,0
10,1_15_1-eth11,0,0
10,1_15_1-eth13,0,0
10,1_15_1-eth15,0,0
10,1_1_1-eth2,0,0
10,1_1_1-eth4,0,0
10,1_1_1-eth6,0,0
10,1_1_1-eth8,0,0
10,1_1_1-eth10,0,0
10,1_1_1-eth12,0,0
10,1_1_1-eth14,0,0
10,1_1_1-eth16,0,0
10,1_1_1-eth1,0,0
10,1_1_1-eth3,0,0
10,1_1_1-eth5,0,0
10,1_1_1-eth7,0,0
10,1_1_1-eth9,0,0
10,1_1_1-eth11,0,0
10,1_1_1-eth13,0,0
10,1_1_1-eth15,0,0
10,1_2_1-eth2,0,0
10,1_2_1-eth4,0,0
10,1_2_1-eth6,0,0
10,1_2_1-eth8,0,0
10,1_2_1-eth10,0,0
10,1_2_1-eth12,0,0
10,1_2_1-eth14,0,0
10,1_2_1-eth16,0,0
10,1_2_1-eth1,0,0
10,1_2_1-eth3,0,0
10,1_2_1-eth5,0,0
10,1_2_1-eth7,0,0
10,1_2_1-eth9,0,0
10,1_2_1-eth11,0,0
10,1_2_1-eth13,0,0
10,1_2_1-eth15,0,0
10,1_3_1-eth2,0,0
10,1_3_1-eth4,0,0
10,1_3_1-eth6,0,0
10,1_3_1-eth8,0,0
10,1_3_1-eth10,0,0
10,1_3_1-eth12,0,0
10,1_3_1-eth14,0,0
10,1_3_1-eth16,0,0
10,1_3_1-eth1,0,0
10,1_3_1-eth3,0,0
10,1_3_1-eth5,0,0
10,1_3_1-eth7,0,0
10,1_3_1-eth9,0,0
10,1_3_1-eth11,0,0
10,1_3_1-eth13,0,0
10,1_3_1-eth15,0,0
10,1_4_1-eth2,0,0
10,1_4_1-eth4,0,0
10,1_4_1-eth6,0,0
10,1_4_1-eth8,0,0
10,1_4_1-eth10,0,0
10,1_4_1-eth12,0,0
10,1_4_1-eth14,0,0
10,1_4_1-eth16,0,0
10,1_4_1-eth1,0,0
10,1_4_1-eth3,0,0
10,1_4_1-eth5,0,0
10,1_4_1-eth7,0,0
10,1_4_1-eth9,0,0
10,1_4_1-eth11,0,0
10,1_4_1-eth13,0,0
10,1_4_1-eth15,0,0
10,1_5_1-eth2,0,0
10,1_5_1-eth4,0,0
10,1_5_1-eth6,0,0
10,1_5_1-eth8,0,0
10,1_5_1-eth10,0,0
10,1_5_1-eth12,0,0
10,1_5_1-eth14,0,0
10,1_5_1-eth16,0,0
10,1_5_1-eth1,0,0
10,1_5_1-eth3,0,0
10,1_5_1-eth5,0,0
10,1_5_1-eth7,0,0
10,1_5_1-eth9,0,0
10,1_5_1-eth11,0,0
10,1_5_1-eth13,0,0
10,1_5_1-eth15,0,0
10,1_6_1-eth2,0,0
10,1_6_1-eth4,0,0
10,1_6_1-eth6,0,0
10,1_6_1-eth8,0,0
10,1_6_1-eth10,0,0
10,1_6_1-eth12,0,0
10,1_6_1-eth14,0,0
10,1_6_1-eth16,0,0
10,1_6_1-eth1,0,0
10,1_6_1-eth3,0,0
10,1_6_1-eth5,0,0
10,1_6_1-eth7,0,0
10,1_6_1-eth9,0,0
10,1_6_1-eth11,0,0
10,1_6_1-eth13,0,0
10,1_6_1-eth15,0,0
10,1_7_1-eth2,0,0
10,1_7_1-eth4,0,0
10,1_7_1-eth6,0,0
10,1_7_1-eth8,0,0
10,1_7_1-eth10,0,0
10,1_7_1-eth12,0,0
10,1_7_1-eth14,0,0
10,1_7_1-eth16,0,0
10,1_7_1-eth1,0,0
10,1_7_1-eth3,0,0
10,1_7_1-eth5,0,0
10,1_7_1-eth7,0,0
10,1_7_1-eth9,0,0
10,1_7_1-eth11,0,0
10,1_7_1-eth13,0,0
10,1_7_1-eth15,0,0
10,2_0_1-eth2,0,0
10,2_0_1-eth4,0,0
10,2_0_1-eth6,0,0
10,2_0_1-eth8,0,0
10,2_0_1-eth10,0,0
10,2_0_1-eth12,0,0
10,2_0_1-eth14,0,0
10,2_0_1-eth16,0,0
10,2_0_1-eth1,0,0
10,2_0_1-eth3,0,0
10,2_0_1-eth5,0,0
10,2_0_1-eth7,0,0
10,2_0_1-eth9,0,0
10,2_0_1-eth11,0,0
10,2_0_1-eth13,0,0
10,2_0_1-eth15,0,0
10,2_8_1-eth2,0,0
10,2_8_1-eth4,0,0
10,2_8_1-eth6,0,0
10,2_8_1-eth8,0,0
10,2_8_1-eth10,0,0
10,2_8_1-eth12,0,0
10,2_8_1-eth14,0,0
10,2_8_1-eth16,0,0
10,2_8_1-eth1,0,0
10,2_8_1-eth3,0,0
10,2_8_1-eth5,0,0
10,2_8_1-eth7,0,0
10,2_8_1-eth9,0,0
10,2_8_1-eth11,0,0
10,2_8_1-eth13,0,0
10,2_8_1-eth15,0,0
10,2_9_1-eth2,0,0
10,2_9_1-eth4,0,0
10,2_9_1-eth6,0,0
10,2_9_1-eth8,0,0
10,2_9_1-eth10,0,0
10,2_9_1-eth12,0,0
10,2_9_1-eth14,0,0
10,2_9_1-eth16,0,0
10,2_9_1-eth1,0,0
10,2_9_1-eth3,0,0
10,2_9_1-eth5,0,0
10,2_9_1-eth7,0,0
10,2_9_1-eth9,0,0
10,2_9_1-eth11,0,0
10,2_9_1-eth13,0,0
10,2_9_1-eth15,0,0
10,2_10_1-eth2,0,0
10,2_10_1-eth4,0,0
10,2_10_1-eth6,0,0
10,2_10_1-eth8,0,0
10,2_10_1-eth10,0,0
10,2_10_1-eth12,0,0
10,2_10_1-eth14,0,0
10,2_10_1-eth16,0,0
10,2_10_1-eth1,0,0
10,2_10_1-eth3,0,0
10,2_10_1-eth5,0,0
10,2_10_1-eth7,0,0
10,2_10_1-eth9,0,0
10,2_10_1-eth11,0,0
10,2_10_1-eth13,0,0
10,2_10_1-eth15,0,0
10,2_11_1-eth2,0,0
10,2_11_1-eth4,0,0
10,2_11_1-eth6,0,0
10,2_11_1-eth8,0,0
10,2_11_1-eth10,0,0
10,2_11_1-eth12,0,0
10,2_11_1-eth14,0,0
10,2_11_1-eth16,0,0
10,2_11_1-eth1,0,0
10,2_11_1-eth3,0,0
10,2_11_1-eth5,0,0
10,2_11_1-eth7,0,0
10,2_11_1-eth9,0,0
10,2_11_1-eth11,0,0
10,2_11_1-eth13,0,0
10,2_11_1-eth15,0,0
10,2_12_1-eth2,0,0
10,2_12_1-eth4,0,0
10,2_12_1-eth6,0,0
10,2_12_1-eth8,0,0
10,2_12_1-eth10,0,0
10,2_12_1-eth12,0,0
10,2_12_1-eth14,0,0
10,2_12_1-eth16,0,0
10,2_12_1-eth1,0,0
10,2_12_1-eth3,0,0
10,2_12_1-eth5,0,0
10,2_12_1-eth7,0,0
10,2_12_1-eth9,0,0
10,2_12_1-eth11,0,0
10,2_12_1-eth13,0,0
10,2_12_1-eth15,0,0
10,2_13_1-eth2,0,0
10,2_13_1-eth4,0,0
10,2_13_1-eth6,0,0
10,2_13_1-eth8,0,0
10,2_13_1-eth10,0,0
10,2_13_1-eth12,0,0
10,2_13_1-eth14,0,0
10,2_13_1-eth16,0,0
10,2_13_1-eth1,0,0
10,2_13_1-eth3,0,0
10,2_13_1-eth5,0,0
10,2_13_1-eth7,0,0
10,2_13_1-eth9,0,0
10,2_13_1-eth11,0,0
10,2_13_1-eth13,0,0
10,2_13_1-eth15,0,0
10,2_14_1-eth2,0,0
10,2_14_1-eth4,0,0
10,2_14_1-eth6,0,0
10,2_14_1-eth8,0,0
10,2_14_1-eth10,0,0
10,2_14_1-eth12,0,0
10,2_14_1-eth14,0,0
10,2_14_1-eth16,0,0
10,2_14_1-eth1,0,0
10,2_14_1-eth3,0,0
10,2_14_1-eth5,0,0
10,2_14_1-eth7,0,0
10,2_14_1-eth9,0,0
10,2_14_1-eth11,0,0
10,2_14_1-eth13,0,0
10,2_14_1-eth15,0,0
10,2_15_1-eth2,0,0
10,2_15_1-eth4,0,0
10,2_15_1-eth6,0,0
10,2_15_1-eth8,0,0
10,2_15_1-eth10,0,0
10,2_15_1-eth12,0,0
10,2_15_1-eth14,0,0
10,2_15_1-eth16,0,0
10,2_15_1-eth1,0,0
10,2_15_1-eth3,0,0
10,2_15_1-eth5,0,0
10,2_15_1-eth7,0,0
10,2_15_1-eth9,0,0
10,2_15_1-eth11,0,0
10,2_15_1-eth13,0,0
10,2_15_1-eth15,0,0
10,2_1_1-eth2,0,0
10,2_1_1-eth4,0,0
10,2_1_1-eth6,0,0
10,2_1_1-eth8,0,0
10,2_1_1-eth10,0,0
10,2_1_1-eth12,0,0
10,2_1_1-eth14,0,0
10,2_1_1-eth16,0,0
10,2_1_1-eth1,0,0
10,2_1_1-eth3,0,0
10,2_1_1-eth5,0,0
10,2_1_1-eth7,0,0
10,2_1_1-eth9,0,0
10,2_1_1-eth11,0,0
10,2_1_1-eth13,0,0
10,2_1_1-eth15,0,0
10,2_2_1-eth2,0,0
10,2_2_1-eth4,0,0
10,2_2_1-eth6,0,0
10,2_2_1-eth8,0,0
10,2_2_1-eth10,0,0
10,2_2_1-eth12,0,0
10,2_2_1-eth14,0,0
10,2_2_1-eth16,0,0
10,2_2_1-eth1,0,0
10,2_2_1-eth3,0,0
10,2_2_1-eth5,0,0
10,2_2_1-eth7,0,0
10,2_2_1-eth9,0,0
10,2_2_1-eth11,0,0
10,2_2_1-eth13,0,0
10,2_2_1-eth15,0,0
10,2_3_1-eth2,0,0
10,2_3_1-eth4,0,0
10,2_3_1-eth6,0,0
10,2_3_1-eth8,0,0
10,2_3_1-eth10,0,0
10,2_3_1-eth12,0,0
10,2_3_1-eth14,0,0
10,2_3_1-eth16,0,0
10,2_3_1-eth1,0,0
10,2_3_1-eth3,0,0
10,2_3_1-eth5,0,0
10,2_3_1-eth7,0,0
10,2_3_1-eth9,0,0
10,2_3_1-eth11,0,0
10,2_3_1-eth13,0,0
10,2_3_1-eth15,0,0
10,2_4_1-eth2,0,0
10,2_4_1-eth4,0,0
10,2_4_1-eth6,0,0
10,2_4_1-eth8,0,0
10,2_4_1-eth10,0,0
10,2_4_1-eth12,0,0
10,2_4_1-eth14,0,0
10,2_4_1-eth16,0,0
10,2_4_1-eth1,0,0
10,2_4_1-eth3,0,0
10,2_4_1-eth5,0,0
10,2_4_1-eth7,0,0
10,2_4_1-eth9,0,0
10,2_4_1-eth11,0,0
10,2_4_1-eth13,0,0
10,2_4_1-eth15,0,0
10,2_5_1-eth2,0,0
10,2_5_1-eth4,0,0
10,2_5_1-eth6,0,0
10,2_5_1-eth8,0,0
10,2_5_1-eth10,0,0
10,2_5_1-eth12,0,0
10,2_5_1-eth14,0,0
10,2_5_1-eth16,0,0
10,2_5_1-eth1,0,0
10,2_5_1-eth3,0,0
10,2_5_1-eth5,0,0
10,2_5_1-eth7,0,0
10,2_5_1-eth9,0,0
10,2_5_1-eth11,0,0
10,2_5_1-eth13,0,0
10,2_5_1-eth15,0,0
10,2_6_1-eth2,0,0
10,2_6_1-eth4,0,0
10,2_6_1-eth6,0,0
10,2_6_1-eth8,0,0
10,2_6_1-eth10,0,0
10,2_6_1-eth12,0,0
10,2_6_1-eth14,0,0
10,2_6_1-eth16,0,0
10,2_6_1-eth1,0,0
10,2_6_1-eth3,0,0
10,2_6_1-eth5,0,0
10,2_6_1-eth7,0,0
10,2_6_1-eth9,0,0
10,2_6_1-eth11,0,0
10,2_6_1-eth13,0,0
10,2_6_1-eth15,0,0
10,2_7_1-eth2,0,0
10,2_7_1-eth4,0,0
10,2_7_1-eth6,0,0
10,2_7_1-eth8,0,0
10,2_7_1-eth10,0,0
10,2_7_1-eth12,0,0
10,2_7_1-eth14,0,0
10,2_7_1-eth16,0,0
10,2_7_1-eth1,0,0
10,2_7_1-eth3,0,0
10,2_7_1-eth5,0,0
10,2_7_1-eth7,0,0
10,2_7_1-eth9,0,0
10,2_7_1-eth11,0,0
10,2_7_1-eth13,0,0
10,2_7_1-eth15,0,0
10,3_0_1-eth2,0,0
10,3_0_1-eth4,0,0
10,3_0_1-eth6,0,0
10,3_0_1-eth8,0,0
10,3_0_1-eth10,0,0
10,3_0_1-eth12,0,0
10,3_0_1-eth14,0,0
10,3_0_1-eth16,0,0
10,3_0_1-eth1,0,0
10,3_0_1-eth3,0,0
10,3_0_1-eth5,0,0
10,3_0_1-eth7,0,0
10,3_0_1-eth9,0,0
10,3_0_1-eth11,0,0
10,3_0_1-eth13,0,0
10,3_0_1-eth15,0,0
10,3_8_1-eth2,0,0
10,3_8_1-eth4,0,0
10,3_8_1-eth6,0,0
10,3_8_1-eth8,0,0
10,3_8_1-eth10,0,0
10,3_8_1-eth12,0,0
10,3_8_1-eth14,0,0
10,3_8_1-eth16,0,0
10,3_8_1-eth1,0,0
10,3_8_1-eth3,0,0
10,3_8_1-eth5,0,0
10,3_8_1-eth7,0,0
10,3_8_1-eth9,0,0
10,3_8_1-eth11,0,0
10,3_8_1-eth13,0,0
10,3_8_1-eth15,0,0
10,3_9_1-eth2,0,0
10,3_9_1-eth4,0,0
10,3_9_1-eth6,0,0
10,3_9_1-eth8,0,0
10,3_9_1-eth10,0,0
10,3_9_1-eth12,0,0
10,3_9_1-eth14,0,0
10,3_9_1-eth16,0,0
10,3_9_1-eth1,0,0
10,3_9_1-eth3,0,0
10,3_9_1-eth5,0,0
10,3_9_1-eth7,0,0
10,3_9_1-eth9,0,0
10,3_9_1-eth11,0,0
10,3_9_1-eth13,0,0
10,3_9_1-eth15,0,0
10,3_10_1-eth2,0,0
10,3_10_1-eth4,0,0
10,3_10_1-eth6,0,0
10,3_10_1-eth8,0,0
10,3_10_1-eth10,0,0
10,3_10_1-eth12,0,0
10,3_10_1-eth14,0,0
10,3_10_1-eth16,0,0
10,3_10_1-eth1,0,0
10,3_10_1-eth3,0,0
10,3_10_1-eth5,0,0
10,3_10_1-eth7,0,0
10,3_10_1-eth9,0,0
10,3_10_1-eth11,0,0
10,3_10_1-eth13,0,0
10,3_10_1-eth15,0,0
10,3_11_1-eth2,0,0
10,3_11_1-eth4,0,0
10,3_11_1-eth6,0,0
10,3_11_1-eth8,0,0
10,3_11_1-eth10,0,0
10,3_11_1-eth12,0,0
10,3_11_1-eth14,0,0
10,3_11_1-eth16,0,0
10,3_11_1-eth1,0,0
10,3_11_1-eth3,0,0
10,3_11_1-eth5,0,0
10,3_11_1-eth7,0,0
10,3_11_1-eth9,0,0
10,3_11_1-eth11,0,0
10,3_11_1-eth13,0,0
10,3_11_1-eth15,0,0
10,3_12_1-eth2,0,0
10,3_12_1-eth4,0,0
10,3_12_1-eth6,0,0
10,3_12_1-eth8,0,0
10,3_12_1-eth10,0,0
10,3_12_1-eth12,0,0
10,3_12_1-eth14,0,0
10,3_12_1-eth16,0,0
10,3_12_1-eth1,0,0
10,3_12_1-eth3,0,0
10,3_12_1-eth5,0,0
10,3_12_1-eth7,0,0
10,3_12_1-eth9,0,0
10,3_12_1-eth11,0,0
10,3_12_1-eth13,0,0
10,3_12_1-eth15,0,0
10,3_13_1-eth2,0,0
10,3_13_1-eth4,0,0
10,3_13_1-eth6,0,0
10,3_13_1-eth8,0,0
10,3_13_1-eth10,0,0
10,3_13_1-eth12,0,0
10,3_13_1-eth14,0,0
10,3_13_1-eth16,0,0
10,3_13_1-eth1,0,0
10,3_13_1-eth3,0,0
10,3_13_1-eth5,0,0
10,3_13_1-eth7,0,0
10,3_13_1-eth9,0,0
10,3_13_1-eth11,0,0
10,3_13_1-eth13,0,0
10,3_13_1-eth15,0,0
10,3_14_1-eth2,0,0
10,3_14_1-eth4,0,0
10,3_14_1-eth6,0,0
10,3_14_1-eth8,0,0
10,3_14_1-eth10,0,0
10,3_14_1-eth12,0,0
10,3_14_1-eth14,0,0
10,3_14_1-eth16,0,0
10,3_14_1-eth1,0,0
10,3_14_1-eth3,0,0
10,3_14_1-eth5,0,0
10,3_14_1-eth7,0,0
10,3_14_1-eth9,0,0
10,3_14_1-eth11,0,0
10,3_14_1-eth13,0,0
10,3_14_1-eth15,0,0
10,3_15_1-eth2,0,0
10,3_15_1-eth4,0,0
10,3_15_1-eth6,0,0
10,3_15_1-eth8,0,0
10,3_15_1-eth10,0,0
10,3_15_1-eth12,0,0
10,3_15_1-eth14,0,0
10,3_15_1-eth16,0,0
10,3_15_1-eth1,0,0
10,3_15_1-eth3,0,0
10,3_15_1-eth5,0,0
10,3_15_1-eth7,0,0
10,3_15_1-eth9,0,0
10,3_15_1-eth11,0,0
10,3_15_1-eth13,0,0
10,3_15_1-eth15,0,0
10,3_1_1-eth2,0,0
10,3_1_1-eth4,0,0
10,3_1_1-eth6,0,0
10,3_1_1-eth8,0,0
10,3_1_1-eth10,0,0
10,3_1_1-eth12,0,0
10,3_1_1-eth14,0,0
10,3_1_1-eth16,0,0
10,3_1_1-eth1,0,0
10,3_1_1-eth3,0,0
10,3_1_1-eth5,0,0
10,3_1_1-eth7,0,0
10,3_1_1-eth9,0,0
10,3_1_1-eth11,0,0
10,3_1_1-eth13,0,0
10,3_1_1-eth15,0,0
10,3_2_1-eth2,0,0
10,3_2_1-eth4,0,0
10,3_2_1-eth6,0,0
10,3_2_1-eth8,0,0
10,3_2_1-eth10,0,0
10,3_2_1-eth12,0,0
10,3_2_1-eth14,0,0
10,3_2_1-eth16,0,0
10,3_2_1-eth1,0,0
10,3_2_1-eth3,0,0
10,3_2_1-eth5,0,0
10,3_2_1-eth7,0,0
10,3_2_1-eth9,0,0
10,3_2_1-eth11,0,0
10,3_2_1-eth13,0,0
10,3_2_1-eth15,0,0
10,3_3_1-eth2,0,0
10,3_3_1-eth4,0,0
10,3_3_1-eth6,0,0
10,3_3_1-eth8,0,0
10,3_3_1-eth10,0,0
10,3_3_1-eth12,0,0
10,3_3_1-eth14,0,0
10,3_3_1-eth16,0,0
10,3_3_1-eth1,0,0
10,3_3_1-eth3,0,0
10,3_3_1-eth5,0,0
10,3_3_1-eth7,0,0
10,3_3_1-eth9,0,0
10,3_3_1-eth11,0,0
10,3_3_1-eth13,0,0
10,3_3_1-eth15,0,0
10,3_4_1-eth2,0,0
10,3_4_1-eth4,0,0
10,3_4_1-eth6,0,0
10,3_4_1-eth8,0,0
10,3_4_1-eth10,0,0
10,3_4_1-eth12,0,0
10,3_4_1-eth14,0,0
10,3_4_1-eth16,0,0
10,3_4_1-eth1,0,0
10,3_4_1-eth3,0,0
10,3_4_1-eth5,0,0
10,3_4_1-eth7,0,0
10,3_4_1-eth9,0,0
10,3_4_1-eth11,0,0
10,3_4_1-eth13,0,0
10,3_4_1-eth15,0,0
10,3_5_1-eth2,0,0
10,3_5_1-eth4,0,0
10,3_5_1-eth6,0,0
10,3_5_1-eth8,0,0
10,3_5_1-eth10,0,0
10,3_5_1-eth12,0,0
10,3_5_1-eth14,0,0
10,3_5_1-eth16,0,0
10,3_5_1-eth1,0,0
10,3_5_1-eth3,0,0
10,3_5_1-eth5,0,0
10,3_5_1-eth7,0,0
10,3_5_1-eth9,0,0
10,3_5_1-eth11,0,0
10,3_5_1-eth13,0,0
10,3_5_1-eth15,0,0
10,3_6_1-eth2,0,0
10,3_6_1-eth4,0,0
10,3_6_1-eth6,0,0
10,3_6_1-eth8,0,0
10,3_6_1-eth10,0,0
10,3_6_1-eth12,0,0
10,3_6_1-eth14,0,0
10,3_6_1-eth16,0,0
10,3_6_1-eth1,0,0
10,3_6_1-eth3,0,0
10,3_6_1-eth5,0,0
10,3_6_1-eth7,0,0
10,3_6_1-eth9,0,0
10,3_6_1-eth11,0,0
10,3_6_1-eth13,0,0
10,3_6_1-eth15,0,0
10,3_7_1-eth2,0,0
10,3_7_1-eth4,0,0
10,3_7_1-eth6,0,0
10,3_7_1-eth8,0,0
10,3_7_1-eth10,0,0
10,3_7_1-eth12,0,0
10,3_7_1-eth14,0,0
10,3_7_1-eth16,0,0
10,3_7_1-eth1,0,0
10,3_7_1-eth3,0,0
10,3_7_1-eth5,0,0
10,3_7_1-eth7,0,0
10,3_7_1-eth9,0,0
10,3_7_1-eth11,0,0
10,3_7_1-eth13,0,0
10,3_7_1-eth15,0,0
10,4_0_1-eth2,0,0
10,4_0_1-eth4,0,0
10,4_0_1-eth6,0,0
10,4_0_1-eth8,0,0
10,4_0_1-eth10,0,0
10,4_0_1-eth12,0,0
10,4_0_1-eth14,0,0
10,4_0_1-eth16,0,0
10,4_0_1-eth1,0,0
10,4_0_1-eth3,0,0
10,4_0_1-eth5,0,0
10,4_0_1-eth7,0,0
10,4_0_1-eth9,0,0
10,4_0_1-eth11,0,0
10,4_0_1-eth13,0,0
10,4_0_1-eth15,0,0
10,4_8_1-eth2,0,0
10,4_8_1-eth4,0,0
10,4_8_1-eth6,0,0
10,4_8_1-eth8,0,0
10,4_8_1-eth10,0,0
10,4_8_1-eth12,0,0
10,4_8_1-eth14,0,0
10,4_8_1-eth16,0,0
10,4_8_1-eth1,0,0
10,4_8_1-eth3,0,0
10,4_8_1-eth5,0,0
10,4_8_1-eth7,0,0
10,4_8_1-eth9,0,0
10,4_8_1-eth11,0,0
10,4_8_1-eth13,0,0
10,4_8_1-eth15,0,0
10,4_9_1-eth2,0,0
10,4_9_1-eth4,0,0
10,4_9_1-eth6,0,0
10,4_9_1-eth8,0,0
10,4_9_1-eth10,0,0
10,4_9_1-eth12,0,0
10,4_9_1-eth14,0,0
10,4_9_1-eth16,0,0
10,4_9_1-eth1,0,0
10,4_9_1-eth3,0,0
10,4_9_1-eth5,0,0
10,4_9_1-eth7,0,0
10,4_9_1-eth9,0,0
10,4_9_1-eth11,0,0
10,4_9_1-eth13,0,0
10,4_9_1-eth15,0,0
10,4_10_1-eth2,0,0
10,4_10_1-eth4,0,0
10,4_10_1-eth6,0,0
10,4_10_1-eth8,0,0
10,4_10_1-eth10,0,0
10,4_10_1-eth12,0,0
10,4_10_1-eth14,0,0
10,4_10_1-eth16,0,0
10,4_10_1-eth1,0,0
10,4_10_1-eth3,0,0
10,4_10_1-eth5,0,0
10,4_10_1-eth7,0,0
10,4_10_1-eth9,0,0
10,4_10_1-eth11,0,0
10,4_10_1-eth13,0,0
10,4_10_1-eth15,0,0
10,4_11_1-eth2,0,0
10,4_11_1-eth4,0,0
10,4_11_1-eth6,0,0
10,4_11_1-eth8,0,0
10,4_11_1-eth10,0,0
10,4_11_1-eth12,0,0
10,4_11_1-eth14,0,0
10,4_11_1-eth16,0,0
10,4_11_1-eth1,0,0
10,4_11_1-eth3,0,0
10,4_11_1-eth5,0,0
10,4_11_1-eth7,0,0
10,4_11_1-eth9,0,0
10,4_11_1-eth11,0,0
10,4_11_1-eth13,0,0
10,4_11_1-eth15,0,0
10,4_12_1-eth2,0,0
10,4_12_1-eth4,0,0
10,4_12_1-eth6,0,0
10,4_12_1-eth8,0,0
10,4_12_1-eth10,0,0
10,4_12_1-eth12,0,0
10,4_12_1-eth14,0,0
10,4_12_1-eth16,0,0
10,4_12_1-eth1,0,0
10,4_12_1-eth3,0,0
10,4_12_1-eth5,0,0
10,4_12_1-eth7,0,0
10,4_12_1-eth9,0,0
10,4_12_1-eth11,0,0
10,4_12_1-eth13,0,0
10,4_12_1-eth15,0,0
10,4_13_1-eth2,0,0
10,4_13_1-eth4,0,0
10,4_13_1-eth6,0,0
10,4_13_1-eth8,0,0
10,4_13_1-eth10,0,0
10,4_13_1-eth12,0,0
10,4_13_1-eth14,0,0
10,4_13_1-eth16,0,0
10,4_13_1-eth1,0,0
10,4_13_1-eth3,0,0
10,4_13_1-eth5,0,0
10,4_13_1-eth7,0,0
10,4_13_1-eth9,0,0
10,4_13_1-eth11,0,0
10,4_13_1-eth13,0,0
10,4_13_1-eth15,0,0
10,4_14_1-eth2,0,0
10,4_14_1-eth4,0,0
10,4_14_1-eth6,0,0
10,4_14_1-eth8,0,0
10,4_14_1-eth10,0,0
10,4_14_1-eth12,0,0
10,4_14_1-eth14,0,0
10,4_14_1-eth16,0,0
10,4_14_1-eth1,0,0
10,4_14_1-eth3,0,0
10,4_14_1-eth5,0,0
10,4_14_1-eth7,0,0
10,4_14_1-eth9,0,0
10,4_14_1-eth11,0,0
10,4_14_1-eth13,0,0
10,4_14_1-eth15,0,0
10,4_15_1-eth2,0,0
10,4_15_1-eth4,0,0
10,4_15_1-eth6,0,0
10,4_15_1-eth8,0,0
10,4_15_1-eth10,0,0
10,4_15_1-eth12,0,0
10,4_15_1-eth14,0,0
10,4_15_1-eth16,0,0
10,4_15_1-eth1,0,0
10,4_15_1-eth3,0,0
10,4_15_1-eth5,0,0
10,4_15_1-eth7,0,0
10,4_15_1-eth9,0,0
10,4_15_1-eth11,0,0
10,4_15_1-eth13,0,0
10,4_15_1-eth15,0,0
10,4_1_1-eth2,0,0
10,4_1_1-eth4,0,0
10,4_1_1-eth6,0,0
10,4_1_1-eth8,0,0
10,4_1_1-eth10,0,0
10,4_1_1-eth12,0,0
10,4_1_1-eth14,0,0
10,4_1_1-eth16,0,0
10,4_1_1-eth1,0,0
10,4_1_1-eth3,0,0
10,4_1_1-eth5,0,0
10,4_1_1-eth7,0,0
10,4_1_1-eth9,0,0
10,4_1_1-eth11,0,0
10,4_1_1-eth13,0,0
10,4_1_1-eth15,0,0
10,4_2_1-eth2,0,0
10,4_2_1-eth4,0,0
10,4_2_1-eth6,0,0
10,4_2_1-eth8,0,0
10,4_2_1-eth10,0,0
10,4_2_1-eth12,0,0
10,4_2_1-eth14,0,0
10,4_2_1-eth16,0,0
10,4_2_1-eth1,0,0
10,4_2_1-eth3,0,0
10,4_2_1-eth5,0,0
10,4_2_1-eth7,0,0
10,4_2_1-eth9,0,0
10,4_2_1-eth11,0,0
10,4_2_1-eth13,0,0
10,4_2_1-eth15,0,0
10,4_3_1-eth2,0,0
10,4_3_1-eth4,0,0
10,4_3_1-eth6,0,0
10,4_3_1-eth8,0,0
10,4_3_1-eth10,0,0
10,4_3_1-eth12,0,0
10,4_3_1-eth14,0,0
10,4_3_1-eth16,0,0
10,4_3_1-eth1,0,0
10,4_3_1-eth3,0,0
10,4_3_1-eth5,0,0
10,4_3_1-eth7,0,0
10,4_3_1-eth9,0,0
10,4_3_1-eth11,0,0
10,4_3_1-eth13,0,0
10,4_3_1-eth15,0,0
10,4_4_1-eth2,0,0
10,4_4_1-eth4,0,0
10,4_4_1-eth6,0,0
10,4_4_1-eth8,0,0
10,4_4_1-eth10,0,0
10,4_4_1-eth12,0,0
10,4_4_1-eth14,0,0
10,4_4_1-eth16,0,0
10,4_4_1-eth1,0,0
10,4_4_1-eth3,0,0
10,4_4_1-eth5,0,0
10,4_4_1-eth7,0,0
10,4_4_1-eth9,0,0
10,4_4_1-eth11,0,0
10,4_4_1-eth13,0,0
10,4_4_1-eth15,0,0
10,4_5_1-eth2,0,0
10,4_5_1-eth4,0,0
10,4_5_1-eth6,0,0
10,4_5_1-eth8,0,0
10,4_5_1-eth10,0,0
10,4_5_1-eth12,0,0
10,4_5_1-eth14,0,0
10,4_5_1-eth16,0,0
10,4_5_1-eth1,0,0
10,4_5_1-eth3,0,0
10,4_5_1-eth5,0,0
10,4_5_1-eth7,0,0
10,4_5_1-eth9,0,0
10,4_5_1-eth11,0,0
10,4_5_1-eth13,0,0
10,4_5_1-eth15,0,0
10,4_6_1-eth2,0,0
10,4_6_1-eth4,0,0
10,4_6_1-eth6,0,0
10,4_6_1-eth8,0,0
10,4_6_1-eth10,0,0
10,4_6_1-eth12,0,0
10,4_6_1-eth14,0,0
10,4_6_1-eth16,0,0
10,4_6_1-eth1,0,0
10,4_6_1-eth3,0,0
10,4_6_1-eth5,0,0
10,4_6_1-eth7,0,0
10,4_6_1-eth9,0,0
10,4_6_1-eth11,0,0
10,4_6_1-eth13,0,0
10,4_6_1-eth15,0,0
10,4_7_1-eth2,0,0
10,4_7_1-eth4,0,0
10,4_7_1-eth6,0,0
10,4_7_1-eth8,0,0
10,4_7_1-eth10,0,0
10,4_7_1-eth12,0,0
10,4_7_1-eth14,0,0
10,4_7_1-eth16,0,0
10,4_7_1-eth1,0,0
10,4_7_1-eth3,0,0
10,4_7_1-eth5,0,0
10,4_7_1-eth7,0,0
10,4_7_1-eth9,0,0
10,4_7_1-eth11,0,0
10,4_7_1-eth13,0,0
10,4_7_1-eth15,0,0
10,5_0_1-eth2,0,0
10,5_0_1-eth4,0,0
10,5_0_1-eth6,0,0
10,5_0_1-eth8,0,0
10,5_0_1-eth10,0,0
10,5_0_1-eth12,0,0
10,5_0_1-eth14,0,0
10,5_0_1-eth16,0,0
10,5_0_1-eth1,0,0
10,5_0_1-eth3,0,0
10,5_0_1-eth5,0,0
10,5_0_1-eth7,0,0
10,5_0_1-eth9,0,0
10,5_0_1-eth11,0,0
10,5_0_1-eth13,0,0
10,5_0_1-eth15,0,0
10,5_8_1-eth2,0,0
10,5_8_1-eth4,0,0
10,5_8_1-eth6,0,0
10,5_8_1-eth8,0,0
10,5_8_1-eth10,0,0
10,5_8_1-eth12,0,0
10,5_8_1-eth14,0,0
10,5_8_1-eth16,0,0
10,5_8_1-eth1,0,0
10,5_8_1-eth3,0,0
10,5_8_1-eth5,0,0
10,5_8_1-eth7,0,0
10,5_8_1-eth9,0,0
10,5_8_1-eth11,0,0
10,5_8_1-eth13,0,0
10,5_8_1-eth15,0,0
10,5_9_1-eth2,0,0
10,5_9_1-eth4,0,0
10,5_9_1-eth6,0,0
10,5_9_1-eth8,0,0
10,5_9_1-eth10,0,0
10,5_9_1-eth12,0,0
10,5_9_1-eth14,0,0
10,5_9_1-eth16,0,0
10,5_9_1-eth1,0,0
10,5_9_1-eth3,0,0
10,5_9_1-eth5,0,0
10,5_9_1-eth7,0,0
10,5_9_1-eth9,0,0
10,5_9_1-eth11,0,0
10,5_9_1-eth13,0,0
10,5_9_1-eth15,0,0
10,5_10_1-eth2,0,0
10,5_10_1-eth4,0,0
10,5_10_1-eth6,0,0
10,5_10_1-eth8,0,0
10,5_10_1-eth10,0,0
10,5_10_1-eth12,0,0
10,5_10_1-eth14,0,0
10,5_10_1-eth16,0,0
10,5_10_1-eth1,0,0
10,5_10_1-eth3,0,0
10,5_10_1-eth5,0,0
10,5_10_1-eth7,0,0
10,5_10_1-eth9,0,0
10,5_10_1-eth11,0,0
10,5_10_1-eth13,0,0
10,5_10_1-eth15,0,0
10,5_11_1-eth2,0,0
10,5_11_1-eth4,0,0
10,5_11_1-eth6,0,0
10,5_11_1-eth8,0,0
10,5_11_1-eth10,0,0
10,5_11_1-eth12,0,0
10,5_11_1-eth14,0,0
10,5_11_1-eth16,0,0
10,5_11_1-eth1,0,0
10,5_11_1-eth3,0,0
10,5_11_1-eth5,0,0
10,5_11_1-eth7,0,0
10,5_11_1-eth9,0,0
10,5_11_1-eth11,0,0
10,5_11_1-eth13,0,0
10,5_11_1-eth15,0,0
10,5_12_1-eth2,0,0
10,5_12_1-eth4,0,0
10,5_12_1-eth6,0,0
10,5_12_1-eth8,0,0
10,5_12_1-eth10,0,0
10,5_12_1-eth12,0,0
10,5_12_1-eth14,0,0
10,5_12_1-eth16,0,0
10,5_12_1-eth1,0,0
10,5_12_1-eth3,0,0
10,5_12_1-eth5,0,0
10,5_12_1-eth7,0,0
10,5_12_1-eth9,0,0
10,5_12_1-eth11,0,0
10,5_12_1-eth13,0,0
10,5_12_1-eth15,0,0
10,5_13_1-eth2,0,0
10,5_13_1-eth4,0,0
10,5_13_1-eth6,0,0
10,5_13_1-eth8,0,0
10,5_13_1-eth10,0,0
10,5_13_1-eth12,0,0
10,5_13_1-eth14,0,0
10,5_13_1-eth16,0,0
10,5_13_1-eth1,0,0
10,5_13_1-eth3,0,0
10,5_13_1-eth5,0,0
10,5_13_1-eth7,0,0
10,5_13_1-eth9,0,0
10,5_13_1-eth11,0,0
10,5_13_1-eth13,0,0
10,5_13_1-eth15,0,0
10,5_14_1-eth2,0,0
10,5_14_1-eth4,0,0
10,5_14_1-eth6,0,0
10,5_14_1-eth8,0,0
10,5_14_1-eth10,0,0
10,5_14_1-eth12,0,0
10,5_14_1-eth14,0,0
10,5_14_1-eth16,0,0
10,5_14_1-eth1,0,0
10,5_14_1-eth3,0,0
10,5_14_1-eth5,0,0
10,5_14_1-eth7,0,0
10,5_14_1-eth9,0,0
10,5_14_1-eth11,0,0
10,5_14_1-eth13,0,0
10,5_14_1-eth15,0,0
10,5_15_1-eth2,0,0
10,5_15_1-eth4,0,0
10,5_15_1-eth6,0,0
10,5_15_1-eth8,0,0
10,5_15_1-eth10,0,0
10,5_15_1-eth12,0,0
10,5_15_1-eth14,0,0
10,5_15_1-eth16,0,0
10,5_15_1-eth1,0,0
10,5_15_1-eth3,0,0
10,5_15_1-eth5,0,0
10,5_15_1-eth7,0,0
10,5_15_1-eth9,0,0
10,5_15_1-eth11,0,0
10,5_15_1-eth13,0,0
10,5_15_1-eth15,0,0
10,5_1_1-eth2,0,0
10,5_1_1-eth4,0,0
10,5_1_1-eth6,0,0
10,5_1_1-eth8,0,0
10,5_1_1-eth10,0,0
10,5_1_1-eth12,0,0
10,5_1_1-eth14,0,0
10,5_1_1-eth16,0,0
10,5_1_1-eth1,0,0
10,5_1_1-eth3,0,0
10,5_1_1-eth5,0,0
10,5_1_1-eth7,0,0
10,5_1_1-eth9,0,0
10,5_1_1-eth11,0,0
10,5_1_1-eth13,0,0
10,5_1_1-eth15,0,0
10,5_2_1-eth2,0,0
10,5_2_1-eth4,0,0
10,5_2_1-eth6,0,0
10,5_2_1-eth8,0,0
10,5_2_1-eth10,0,0
10,5_2_1-eth12,0,0
10,5_2_1-eth14,0,0
10,5_2_1-eth16,0,0
10,5_2_1-eth1,0,0
10,5_2_1-eth3,0,0
10,5_2_1-eth5,0,0
10,5_2_1-eth7,0,0
10,5_2_1-eth9,0,0
10,5_2_1-eth11,0,0
10,5_2_1-eth13,0,0
10,5_2_1-eth15,0,0
10,5_3_1-eth2,0,0
10,5_3_1-eth4,0,0
10,5_3_1-eth6,0,0
10,5_3_1-eth8,0,0
10,5_3_1-eth10,0,0
10,5_3_1-eth12,0,0
10,5_3_1-eth14,0,0
10,5_3_1-eth16,0,0
10,5_3_1-eth1,0,0
10,5_3_1-eth3,0,0
10,5_3_1-eth5,0,0
10,5_3_1-eth7,0,0
10,5_3_1-eth9,0,0
10,5_3_1-eth11,0,0
10,5_3_1-eth13,0,0
10,5_3_1-eth15,0,0
10,5_4_1-eth2,0,0
10,5_4_1-eth4,0,0
10,5_4_1-eth6,0,0
10,5_4_1-eth8,0,0
10,5_4_1-eth10,0,0
10,5_4_1-eth12,0,0
10,5_4_1-eth14,0,0
10,5_4_1-eth16,0,0
10,5_4_1-eth1,0,0
10,5_4_1-eth3,0,0
10,5_4_1-eth5,0,0
10,5_4_1-eth7,0,0
10,5_4_1-eth9,0,0
10,5_4_1-eth11,0,0
10,5_4_1-eth13,0,0
10,5_4_1-eth15,0,0
10,5_5_1-eth2,0,0
10,5_5_1-eth4,0,0
10,5_5_1-eth6,0,0
10,5_5_1-eth8,0,0
10,5_5_1-eth10,0,0
10,5_5_1-eth12,0,0
10,5_5_1-eth14,0,0
10,5_5_1-eth16,0,0
10,5_5_1-eth1,0,0
10,5_5_1-eth3,0,0
10,5_5_1-eth5,0,0
10,5_5_1-eth7,0,0
10,5_5_1-eth9,0,0
10,5_5_1-eth11,0,0
10,5_5_1-eth13,0,0
10,5_5_1-eth15,0,0
10,5_6_1-eth2,0,0
10,5_6_1-eth4,0,0
10,5_6_1-eth6,0,0
10,5_6_1-eth8,0,0
10,5_6_1-eth10,0,0
10,5_6_1-eth12,0,0
10,5_6_1-eth14,0,0
10,5_6_1-eth16,0,0
10,5_6_1-eth1,0,0
10,5_6_1-eth3,0,0
10,5_6_1-eth5,0,0
10,5_6_1-eth7,0,0
10,5_6_1-eth9,0,0
10,5_6_1-eth11,0,0
10,5_6_1-eth13,0,0
10,5_6_1-eth15,0,0
10,5_7_1-eth2,0,0
10,5_7_1-eth4,0,0
10,5_7_1-eth6,0,0
10,5_7_1-eth8,0,0
10,5_7_1-eth10,0,0
10,5_7_1-eth12,0,0
10,5_7_1-eth14,0,0
10,5_7_1-eth16,0,0
10,5_7_1-eth1,0,0
10,5_7_1-eth3,0,0
10,5_7_1-eth5,0,0
10,5_7_1-eth7,0,0
10,5_7_1-eth9,0,0
10,5_7_1-eth11,0,0
10,5_7_1-eth13,0,0
10,5_7_1-eth15,0,0
10,6_0_1-eth2,0,0
10,6_0_1-eth4,0,0
10,6_0_1-eth6,0,0
10,6_0_1-eth8,0,0
10,6_0_1-eth10,0,0
10,6_0_1-eth12,0,0
10,6_0_1-eth14,0,0
10,6_0_1-eth16,0,0
10,6_0_1-eth1,0,0
10,6_0_1-eth3,0,0
10,6_0_1-eth5,0,0
10,6_0_1-eth7,0,0
10,6_0_1-eth9,0,0
10,6_0_1-eth11,0,0
10,6_0_1-eth13,0,0
10,6_0_1-eth15,0,0
10,6_8_1-eth2,0,0
10,6_8_1-eth4,0,0
10,6_8_1-eth6,0,0
10,6_8_1-eth8,0,0
10,6_8_1-eth10,0,0
10,6_8_1-eth12,0,0
10,6_8_1-eth14,0,0
10,6_8_1-eth16,0,0
10,6_8_1-eth1,0,0
10,6_8_1-eth3,0,0
10,6_8_1-eth5,0,0
10,6_8_1-eth7,0,0
10,6_8_1-eth9,0,0
10,6_8_1-eth11,0,0
10,6_8_1-eth13,0,0
10,6_8_1-eth15,0,0
10,6_9_1-eth2,0,0
10,6_9_1-eth4,0,0
10,6_9_1-eth6,0,0
10,6_9_1-eth8,0,0
10,6_9_1-eth10,0,0
10,6_9_1-eth12,0,0
10,6_9_1-eth14,0,0
10,6_9_1-eth16,0,0
10,6_9_1-eth1,0,0
10,6_9_1-eth3,0,0
10,6_9_1-eth5,0,0
10,6_9_1-eth7,0,0
10,6_9_1-eth9,0,0
10,6_9_1-eth11,0,0
10,6_9_1-eth13,0,0
10,6_9_1-eth15,0,0
10,6_10_1-eth2,0,0
10,6_10_1-eth4,0,0
10,6_10_1-eth6,0,0
10,6_10_1-eth8,0,0
10,6_10_1-eth10,0,0
10,6_10_1-eth12,0,0
10,6_10_1-eth14,0,0
10,6_10_1-eth16,0,0
10,6_10_1-eth1,0,0
10,6_10_1-eth3,0,0
10,6_10_1-eth5,0,0
10,6_10_1-eth7,0,0
10,6_10_1-eth9,0,0
10,6_10_1-eth11,0,0
10,6_10_1-eth13,0,0
10,6_10_1-eth15,0,0
10,6_11_1-eth2,0,0
10,6_11_1-eth4,0,0
10,6_11_1-eth6,0,0
10,6_11_1-eth8,0,0
10,6_11_1-eth10,0,0
10,6_11_1-eth12,0,0
10,6_11_1-eth14,0,0
10,6_11_1-eth16,0,0
10,6_11_1-eth1,0,0
10,6_11_1-eth3,0,0
10,6_11_1-eth5,0,0
10,6_11_1-eth7,0,0
10,6_11_1-eth9,0,0
10,6_11_1-eth11,0,0
10,6_11_1-eth13,0,0
10,6_11_1-eth15,0,0
10,6_12_1-eth2,0,0
10,6_12_1-eth4,0,0
10,6_12_1-eth6,0,0
10,6_12_1-eth8,0,0
10,6_12_1-eth10,0,0
10,6_12_1-eth12,0,0
10,6_12_1-eth14,0,0
10,6_12_1-eth16,0,0
10,6_12_1-eth1,0,0
10,6_12_1-eth3,0,0
10,6_12_1-eth5,0,0
10,6_12_1-eth7,0,0
10,6_12_1-eth9,0,0
10,6_12_1-eth11,0,0
10,6_12_1-eth13,0,0
10,6_12_1-eth15,0,0
10,6_13_1-eth2,0,0
10,6_13_1-eth4,0,0
10,6_13_1-eth6,0,0
10,6_13_1-eth8,0,0
10,6_13_1-eth10,0,0
10,6_13_1-eth12,0,0
10,6_13_1-eth14,0,0
10,6_13_1-eth16,0,0
10,6_13_1-eth1,0,0
10,6_13_1-eth3,0,0
10,6_13_1-eth5,0,0
10,6_13_1-eth7,0,0
10,6_13_1-eth9,0,0
10,6_13_1-eth11,0,0
10,6_13_1-eth13,0,0
10,6_13_1-eth15,0,0
10,6_14_1-eth2,0,0
10,6_14_1-eth4,0,0
10,6_14_1-eth6,0,0
10,6_14_1-eth8,0,0
10,6_14_1-eth10,0,0
10,6_14_1-eth12,0,0
10,6_14_1-eth14,0,0
10,6_14_1-eth16,0,0
10,6_14_1-eth1,0,0
10,6_14_1-eth3,0,0
10,6_14_1-eth5,0,0
10,6_14_1-eth7,0,0
10,6_14_1-eth9,0,0
10,6_14_1-eth11,0,0
10,6_14_1-eth13,0,0
10,6_14_1-eth15,0,0
10,6_15_1-eth2,0,0
10,6_15_1-eth4,0,0
10,6_15_1-eth6,0,0
10,6_15_1-eth8,0,0
10,6_15_1-eth10,0,0
10,6_15_1-eth12,0,0
10,6_15_1-eth14,0,0
10,6_15_1-eth16,0,0
10,6_15_1-eth1,0,0
10,6_15_1-eth3,0,0
10,6_15_1-eth5,0,0
10,6_15_1-eth7,0,0
10,6_15_1-eth9,0,0
10,6_15_1-eth11,0,0
10,6_15_1-eth13,0,0
10,6_15_1-eth15,0,0
10,6_1_1-eth2,0,0
10,6_1_1-eth4,0,0
10,6_1_1-eth6,0,0
10,6_1_1-eth8,0,0
10,6_1_1-eth10,0,0
10,6_1_1-eth12,0,0
10,6_1_1-eth14,0,0
10,6_1_1-eth16,0,0
10,6_1_1-eth1,0,0
10,6_1_1-eth3,0,0
10,6_1_1-eth5,0,0
10,6_1_1-eth7,0,0
10,6_1_1-eth9,0,0
10,6_1_1-eth11,0,0
10,6_1_1-eth13,0,0
10,6_1_1-eth15,0,0
10,6_2_1-eth2,0,0
10,6_2_1-eth4,0,0
10,6_2_1-eth6,0,0
10,6_2_1-eth8,0,0
10,6_2_1-eth10,0,0
10,6_2_1-eth12,0,0
10,6_2_1-eth14,0,0
10,6_2_1-eth16,0,0
10,6_2_1-eth1,0,0
10,6_2_1-eth3,0,0
10,6_2_1-eth5,0,0
10,6_2_1-eth7,0,0
10,6_2_1-eth9,0,0
10,6_2_1-eth11,0,0
10,6_2_1-eth13,0,0
10,6_2_1-eth15,0,0
10,6_3_1-eth2,0,0
10,6_3_1-eth4,0,0
10,6_3_1-eth6,0,0
10,6_3_1-eth8,0,0
10,6_3_1-eth10,0,0
10,6_3_1-eth12,0,0
10,6_3_1-eth14,0,0
10,6_3_1-eth16,0,0
10,6_3_1-eth1,0,0
10,6_3_1-eth3,0,0
10,6_3_1-eth5,0,0
10,6_3_1-eth7,0,0
10,6_3_1-eth9,0,0
10,6_3_1-eth11,0,0
10,6_3_1-eth13,0,0
10,6_3_1-eth15,0,0
10,6_4_1-eth2,0,0
10,6_4_1-eth4,0,0
10,6_4_1-eth6,0,0
10,6_4_1-eth8,0,0
10,6_4_1-eth10,0,0
10,6_4_1-eth12,0,0
10,6_4_1-eth14,0,0
10,6_4_1-eth16,0,0
10,6_4_1-eth1,0,0
10,6_4_1-eth3,0,0
10,6_4_1-eth5,0,0
10,6_4_1-eth7,0,0
10,6_4_1-eth9,0,0
10,6_4_1-eth11,0,0
10,6_4_1-eth13,0,0
10,6_4_1-eth15,0,0
10,6_5_1-eth2,0,0
10,6_5_1-eth4,0,0
10,6_5_1-eth6,0,0
10,6_5_1-eth8,0,0
10,6_5_1-eth10,0,0
10,6_5_1-eth12,0,0
10,6_5_1-eth14,0,0
10,6_5_1-eth16,0,0
10,6_5_1-eth1,0,0
10,6_5_1-eth3,0,0
10,6_5_1-eth5,0,0
10,6_5_1-eth7,0,0
10,6_5_1-eth9,0,0
10,6_5_1-eth11,0,0
10,6_5_1-eth13,0,0
10,6_5_1-eth15,0,0
10,6_6_1-eth2,0,0
10,6_6_1-eth4,0,0
10,6_6_1-eth6,0,0
10,6_6_1-eth8,0,0
10,6_6_1-eth10,0,0
10,6_6_1-eth12,0,0
10,6_6_1-eth14,0,0
10,6_6_1-eth16,0,0
10,6_6_1-eth1,0,0
10,6_6_1-eth3,0,0
10,6_6_1-eth5,0,0
10,6_6_1-eth7,0,0
10,6_6_1-eth9,0,0
10,6_6_1-eth11,0,0
10,6_6_1-eth13,0,0
10,6_6_1-eth15,0,0
10,6_7_1-eth2,0,0
10,6_7_1-eth4,0,0
10,6_7_1-eth6,0,0
10,6_7_1-eth8,0,0
10,6_7_1-eth10,0,0
10,6_7_1-eth12,0,0
10,6_7_1-eth14,0,0
10,6_7_1-eth16,0,0
10,6_7_1-eth1,0,0
10,6_7_1-eth3,0,0
10,6_7_1-eth5,0,0
10,6_7_1-eth7,0,0
10,6_7_1-eth9,0,0
10,6_7_1-eth11,0,0
10,6_7_1-eth13,0,0
10,6_7_1-eth15,0,0
10,7_0_1-eth2,0,0
10,7_0_1-eth4,0,0
10,7_0_1-eth6,0,0
10,7_0_1-eth8,0,0
10,7_0_1-eth10,0,0
10,7_0_1-eth12,0,0
10,7_0_1-eth14,0,0
10,7_0_1-eth16,0,0
10,7_0_1-eth1,0,0
10,7_0_1-eth3,0,0
10,7_0_1-eth5,0,0
10,7_0_1-eth7,0,0
10,7_0_1-eth9,0,0
10,7_0_1-eth11,0,0
10,7_0_1-eth13,0,0
10,7_0_1-eth15,0,0
10,7_8_1-eth2,0,0
10,7_8_1-eth4,0,0
10,7_8_1-eth6,0,0
10,7_8_1-eth8,0,0
10,7_8_1-eth10,0,0
10,7_8_1-eth12,0,0
10,7_8_1-eth14,0,0
10,7_8_1-eth16,0,0
10,7_8_1-eth1,0,0
10,7_8_1-eth3,0,0
10,7_8_1-eth5,0,0
10,7_8_1-eth7,0,0
10,7_8_1-eth9,0,0
10,7_8_1-eth11,0,0
10,7_8_1-eth13,0,0
10,7_8_1-eth15,0,0
10,7_9_1-eth2,0,0
10,7_9_1-eth4,0,0
10,7_9_1-eth6,0,0
10,7_9_1-eth8,0,0
10,7_9_1-eth10,0,0
10,7_9_1-eth12,0,0
10,7_9_1-eth14,0,0
10,7_9_1-eth16,0,0
10,7_9_1-eth1,0,0
10,7_9_1-eth3,0,0
10,7_9_1-eth5,0,0
10,7_9_1-eth7,0,0
10,7_9_1-eth9,0,0
10,7_9_1-eth11,0,0
10,7_9_1-eth13,0,0
10,7_9_1-eth15,0,0
10,7_10_1-eth2,0,0
10,7_10_1-eth4,0,0
10,7_10_1-eth6,0,0
10,7_10_1-eth8,0,0
10,7_10_1-eth10,0,0
10,7_10_1-eth12,0,0
10,7_10_1-eth14,0,0
10,7_10_1-eth16,0,0
10,7_10_1-eth1,0,0
10,7_10_1-eth3,0,0
10,7_10_1-eth5,0,0
10,7_10_1-eth7,0,0
10,7_10_1-eth9,0,0
10,7_10_1-eth11,0,0
10,7_10_1-eth13,0,0
10,7_10_1-eth15,0,0
10,7_11_1-eth2,0,0
10,7_11_1-eth4,0,0
10,7_11_1-eth6,0,0
10,7_11_1-eth8,0,0
10,7_11_1-eth10,0,0
10,7_11_1-eth12,0,0
10,7_11_1-eth14,0,0
10,7_11_1-eth16,0,0
10,7_11_1-eth1,0,0
10,7_11_1-eth3,0,0
10,7_11_1-eth5,0,0
10,7_11_1-eth7,0,0
10,7_11_1-eth9,0,0
10,7_11_1-eth11,0,0
10,7_11_1-eth13,0,0
10,7_11_1-eth15,0,0
10,7_12_1-eth2,0,0
10,7_12_1-eth4,0,0
10,7_12_1-eth6,0,0
10,7_12_1-eth8,0,0
10,7_12_1-eth10,0,0
10,7_12_1-eth12,0,0
10,7_12_1-eth14,0,0
10,7_12_1-eth16,0,0
10,7_12_1-eth1,0,0
10,7_12_1-eth3,0,0
10,7_12_1-eth5,0,0
10,7_12_1-eth7,0,0
10,7_12_1-eth9,0,0
10,7_12_1-eth11,0,0
10,7_12_1-eth13,0,0
10,7_12_1-eth15,0,0
10,7_13_1-eth2,0,0
10,7_13_1-eth4,0,0
10,7_13_1-eth6,0,0
10,7_13_1-eth8,0,0
10,7_13_1-eth10,0,0
10,7_13_1-eth12,0,0
10,7_13_1-eth14,0,0
10,7_13_1-eth16,0,0
10,7_13_1-eth1,0,0
10,7_13_1-eth3,0,0
10,7_13_1-eth5,0,0
10,7_13_1-eth7,0,0
10,7_13_1-eth9,0,0
10,7_13_1-eth11,0,0
10,7_13_1-eth13,0,0
10,7_13_1-eth15,0,0
10,7_14_1-eth2,0,0
10,7_14_1-eth4,0,0
10,7_14_1-eth6,0,0
10,7_14_1-eth8,0,0
10,7_14_1-eth10,0,0
10,7_14_1-eth12,0,0
10,7_14_1-eth14,0,0
10,7_14_1-eth16,0,0
10,7_14_1-eth1,0,0
10,7_14_1-eth3,0,0
10,7_14_1-eth5,0,0
10,7_14_1-eth7,0,0
10,7_14_1-eth9,0,0
10,7_14_1-eth11,0,0
10,7_14_1-eth13,0,0
10,7_14_1-eth15,0,0
10,7_15_1-eth2,0,0
10,7_15_1-eth4,0,0
10,7_15_1-eth6,0,0
10,7_15_1-eth8,0,0
10,7_15_1-eth10,0,0
10,7_15_1-eth12,0,0
10,7_15_1-eth14,0,0
10,7_15_1-eth16,0,0
10,7_15_1-eth1,0,0
10,7_15_1-eth3,0,0
10,7_15_1-eth5,0,0
10,7_15_1-eth7,0,0
10,7_15_1-eth9,0,0
10,7_15_1-eth11,0,0
10,7_15_1-eth13,0,0
10,7_15_1-eth15,0,0
10,7_1_1-eth2,0,0
10,7_1_1-eth4,0,0
10,7_1_1-eth6,0,0
10,7_1_1-eth8,0,0
10,7_1_1-eth10,0,0
10,7_1_1-eth12,0,0
10,7_1_1-eth14,0,0
10,7_1_1-eth16,0,0
10,7_1_1-eth1,0,0
10,7_1_1-eth3,0,0
10,7_1_1-eth5,0,0
10,7_1_1-eth7,0,0
10,7_1_1-eth9,0,0
10,7_1_1-eth11,0,0
10,7_1_1-eth13,0,0
10,7_1_1-eth15,0,0
10,7_2_1-eth2,0,0
10,7_2_1-eth4,0,0
10,7_2_1-eth6,0,0
10,7_2_1-eth8,0,0
10,7_2_1-eth10,0,0
10,7_2_1-eth12,0,0
10,7_2_1-eth14,0,0
10,7_2_1-eth16,0,0
10,7_2_1-eth1,0,0
10,7_2_1-eth3,0,0
10,7_2_1-eth5,0,0
10,7_2_1-eth7,0,0
10,7_2_1-eth9,0,0
10,7_2_1-eth11,0,0
10,7_2_1-eth13,0,0
10,7_2_1-eth15,0,0
10,7_3_1-eth2,0,0
10,7_3_1-eth4,0,0
10,7_3_1-eth6,0,0
10,7_3_1-eth8,0,0
10,7_3_1-eth10,0,0
10,7_3_1-eth12,0,0
10,7_3_1-eth14,0,0
10,7_3_1-eth16,0,0
10,7_3_1-eth1,0,0
10,7_3_1-eth3,0,0
10,7_3_1-eth5,0,0
10,7_3_1-eth7,0,0
10,7_3_1-eth9,0,0
10,7_3_1-eth11,0,0
10,7_3_1-eth13,0,0
10,7_3_1-eth15,0,0
10,7_4_1-eth2,0,0
10,7_4_1-eth4,0,0
10,7_4_1-eth6,0,0
10,7_4_1-eth8,0,0
10,7_4_1-eth10,0,0
10,7_4_1-eth12,0,0
10,7_4_1-eth14,0,0
10,7_4_1-eth16,0,0
10,7_4_1-eth1,0,0
10,7_4_1-eth3,0,0
10,7_4_1-eth5,0,0
10,7_4_1-eth7,0,0
10,7_4_1-eth9,0,0
10,7_4_1-eth11,0,0
10,7_4_1-eth13,0,0
10,7_4_1-eth15,0,0
10,7_5_1-eth2,0,0
10,7_5_1-eth4,0,0
10,7_5_1-eth6,0,0
10,7_5_1-eth8,0,0
10,7_5_1-eth10,0,0
10,7_5_1-eth12,0,0
10,7_5_1-eth14,0,0
10,7_5_1-eth16,0,0
10,7_5_1-eth1,0,0
10,7_5_1-eth3,0,0
10,7_5_1-eth5,0,0
10,7_5_1-eth7,0,0
10,7_5_1-eth9,0,0
10,7_5_1-eth11,0,0
10,7_5_1-eth13,0,0
10,7_5_1-eth15,0,0
10,7_6_1-eth2,0,0
10,7_6_1-eth4,0,0
10,7_6_1-eth6,0,0
10,7_6_1-eth8,0,0
10,7_6_1-eth10,0,0
10,7_6_1-eth12,0,0
10,7_6_1-eth14,0,0
10,7_6_1-eth16,0,0
10,7_6_1-eth1,0,0
10,7_6_1-eth3,0,0
10,7_6_1-eth5,0,0
10,7_6_1-eth7,0,0
10,7_6_1-eth9,0,0
10,7_6_1-eth11,0,0
10,7_6_1-eth13,0,0
10,7_6_1-eth15,0,0
10,7_7_1-eth2,0,0
10,7_7_1-eth4,0,0
10,7_7_1-eth6,0,0
10,7_7_1-eth8,0,0
10,7_7_1-eth10,0,0
10,7_7_1-eth12,0,0
10,7_7_1-eth14,0,0
10,7_7_1-eth16,0,0
10,7_7_1-eth1,0,0
10,7_7_1-eth3,0,0
10,7_7_1-eth5,0,0
10,7_7_1-eth7,0,0
10,7_7_1-eth9,0,0
10,7_7_1-eth11,0,0
10,7_7_1-eth13,0,0
10,7_7_1-eth15,0,0
10,8_0_1-eth2,0,0
10,8_0_1-eth4,0,0
10,8_0_1-eth6,0,0
10,8_0_1-eth8,0,0
10,8_0_1-eth10,0,0
10,8_0_1-eth12,0,0
10,8_0_1-eth14,0,0
10,8_0_1-eth16,0,0
10,8_0_1-eth1,0,0
10,8_0_1-eth3,0,0
10,8_0_1-eth5,0,0
10,8_0_1-eth7,0,0
10,8_0_1-eth9,0,0
10,8_0_1-eth11,0,0
10,8_0_1-eth13,0,0
10,8_0_1-eth15,0,0
10,8_8_1-eth2,0,0
10,8_8_1-eth4,0,0
10,8_8_1-eth6,0,0
10,8_8_1-eth8,0,0
10,8_8_1-eth10,0,0
10,8_8_1-eth12,0,0
10,8_8_1-eth14,0,0
10,8_8_1-eth16,0,0
10,8_8_1-eth1,0,0
10,8_8_1-eth3,0,0
10,8_8_1-eth5,0,0
10,8_8_1-eth7,0,0
10,8_8_1-eth9,0,0
10,8_8_1-eth11,0,0
10,8_8_1-eth13,0,0
10,8_8_1-eth15,0,0
10,8_9_1-eth2,0,0
10,8_9_1-eth4,0,0
10,8_9_1-eth6,0,0
10,8_9_1-eth8,0,0
10,8_9_1-eth10,0,0
10,8_9_1-eth12,0,0
10,8_9_1-eth14,0,0
10,8_9_1-eth16,0,0
10,8_9_1-eth1,0,0
10,8_9_1-eth3,0,0
10,8_9_1-eth5,0,0
10,8_9_1-eth7,0,0
10,8_9_1-eth9,0,0
10,8_9_1-eth11,0,0
10,8_9_1-eth13,0,0
10,8_9_1-eth15,0,0
10,8_10_1-eth2,0,0
10,8_10_1-eth4,0,0
10,8_10_1-eth6,0,0
10,8_10_1-eth8,0,0
10,8_10_1-eth10,0,0
10,8_10_1-eth12,0,0
10,8_10_1-eth14,0,0
10,8_10_1-eth16,0,0
10,8_10_1-eth1,0,0
10,8_10_1-eth3,0,0
10,8_10_1-eth5,0,0
10,8_10_1-eth7,0,0
10,8_10_1-eth9,0,0
10,8_10_1-eth11,0,0
10,8_10_1-eth13,0,0
10,8_10_1-eth15,0,0
10,8_11_1-eth2,0,0
10,8_11_1-eth4,0,0
10,8_11_1-eth6,0,0
10,8_11_1-eth8,0,0
10,8_11_1-eth10,0,0
10,8_11_1-eth12,0,0
10,8_11_1-eth14,0,0
10,8_11_1-eth16,0,0
10,8_11_1-eth1,0,0
10,8_11_1-eth3,0,0
10,8_11_1-eth5,0,0
10,8_11_1-eth7,0,0
10,8_11_1-eth9,0,0
10,8_11_1-eth11,0,0
10,8_11_1-eth13,0,0
10,8_11_1-eth15,0,0
10,8_12_1-eth2,0,0
10,8_12_1-eth4,0,0
10,8_12_1-eth6,0,0
10,8_12_1-eth8,0,0
10,8_12_1-eth10,0,0
10,8_12_1-eth12,0,0
10,8_12_1-eth14,0,0
10,8_12_1-eth16,0,0
10,8_12_1-eth1,0,0
10,8_12_1-eth3,0,0
10,8_12_1-eth5,0,0
10,8_12_1-eth7,0,0
10,8_12_1-eth9,0,0
10,8_12_1-eth11,0,0
10,8_12_1-eth13,0,0
10,8_12_1-eth15,0,0
10,8_13_1-eth2,0,0
10,8_13_1-eth4,0,0
10,8_13_1-eth6,0,0
10,8_13_1-eth8,0,0
10,8_13_1-eth10,0,0
10,8_13_1-eth12,0,0
10,8_13_1-eth14,0,0
10,8_13_1-eth16,0,0
10,8_13_1-eth1,0,0
10,8_13_1-eth3,0,0
10,8_13_1-eth5,0,0
10,8_13_1-eth7,0,0
10,8_13_1-eth9,0,0
10,8_13_1-eth11,0,0
10,8_13_1-eth13,0,0
10,8_13_1-eth15,0,0
10,8_14_1-eth2,0,0
10,8_14_1-eth4,0,0
10,8_14_1-eth6,0,0
10,8_14_1-eth8,0,0
10,8_14_1-eth10,0,0
10,8_14_1-eth12,0,0
10,8_14_1-eth14,0,0
10,8_14_1-eth16,0,0
10,8_14_1-eth1,0,0
10,8_14_1-eth3,0,0
10,8_14_1-eth5,0,0
10,8_14_1-eth7,0,0
10,8_14_1-eth9,0,0
10,8_14_1-eth11,0,0
10,8_14_1-eth13,0,0
10,8_14_1-eth15,0,0
10,8_15_1-eth2,0,0
10,8_15_1-eth4,0,0
10,8_15_1-eth6,0,0
10,8_15_1-eth8,0,0
10,8_15_1-eth10,0,0
10,8_15_1-eth12,0,0
10,8_15_1-eth14,0,0
10,8_15_1-eth16,0,0
10,8_15_1-eth1,0,0
10,8_15_1-eth3,0,0
10,8_15_1-eth5,0,0
10,8_15_1-eth7,0,0
10,8_15_1-eth9,0,0
10,8_15_1-eth11,0,0
10,8_15_1-eth13,0,0
10,8_15_1-eth15,0,0
10,8_1_1-eth2,0,0
10,8_1_1-eth4,0,0
10,8_1_1-eth6,0,0
10,8_1_1-eth8,0,0
10,8_1_1-eth10,0,0
10,8_1_1-eth12,0,0
10,8_1_1-eth14,0,0
10,8_1_1-eth16,0,0
10,8_1_1-eth1,0,0
10,8_1_1-eth3,0,0
10,8_1_1-eth5,0,0
10,8_1_1-eth7,0,0
10,8_1_1-eth9,0,0
10,8_1_1-eth11,0,0
10,8_1_1-eth13,0,0
10,8_1_1-eth15,0,0
10,8_2_1-eth2,0,0
10,8_2_1-eth4,0,0
10,8_2_1-eth6,0,0
10,8_2_1-eth8,0,0
10,8_2_1-eth10,0,0
10,8_2_1-eth12,0,0
10,8_2_1-eth14,0,0
10,8_2_1-eth16,0,0
10,8_2_1-eth1,0,0
10,8_2_1-eth3,0,0
10,8_2_1-eth5,0,0
10,8_2_1-eth7,0,0
10,8_2_1-eth9,0,0
10,8_2_1-eth11,0,0
10,8_2_1-eth13,0,0
10,8_2_1-eth15,0,0
10,8_3_1-eth2,0,0
10,8_3_1-eth4,0,0
10,8_3_1-eth6,0,0
10,8_3_1-eth8,0,0
10,8_3_1-eth10,0,0
10,8_3_1-eth12,0,0
10,8_3_1-eth14,0,0
10,8_3_1-eth16,0,0
10,8_3_1-eth1,0,0
10,8_3_1-eth3,0,0
10,8_3_1-eth5,0,0
10,8_3_1-eth7,0,0
10,8_3_1-eth9,0,0
10,8_3_1-eth11,0,0
10,8_3_1-eth13,0,0
10,8_3_1-eth15,0,0
10,8_4_1-eth2,0,0
10,8_4_1-eth4,0,0
10,8_4_1-eth6,0,0
10,8_4_1-eth8,0,0
10,8_4_1-eth10,0,0
10,8_4_1-eth12,0,0
10,8_4_1-eth14,0,0
10,8_4_1-eth16,0,0
10,8_4_1-eth1,0,0
10,8_4_1-eth3,0,0
10,8_4_1-eth5,0,0
10,8_4_1-eth7,0,0
10,8_4_1-eth9,0,0
10,8_4_1-eth11,0,0
10,8_4_1-eth13,0,0
10,8_4_1-eth15,0,0
10,8_5_1-eth2,0,0
10,8_5_1-eth4,0,0
10,8_5_1-eth6,0,0
10,8_5_1-eth8,0,0
10,8_5_1-eth10,0,0
10,8_5_1-eth12,0,0
10,8_5_1-eth14,0,0
10,8_5_1-eth16,0,0
10,8_5_1-eth1,0,0
10,8_5_1-eth3,0,0
10,8_5_1-eth5,0,0
10,8_5_1-eth7,0,0
10,8_5_1-eth9,0,0
10,8_5_1-eth11,0,0
10,8_5_1-eth13,0,0
10,8_5_1-eth15,0,0
10,8_6_1-eth2,0,0
10,8_6_1-eth4,0,0
10,8_6_1-eth6,0,0
10,8_6_1-eth8,0,0
10,8_6_1-eth10,0,0
10,8_6_1-eth12,0,0
10,8_6_1-eth14,0,0
10,8_6_1-eth16,0,0
10,8_6_1-eth1,0,0
10,8_6_1-eth3,0,0
10,8_6_1-eth5,0,0
10,8_6_1-eth7,0,0
10,8_6_1-eth9,0,0
10,8_6_1-eth11,0,0
10,8_6_1-eth13,0,0
10,8_6_1-eth15,0,0
10,8_7_1-eth2,0,0
10,8_7_1-eth4,0,0
10,8_7_1-eth6,0,0
10,8_7_1-eth8,0,0
10,8_7_1-eth10,0,0
10,8_7_1-eth12,0,0
10,8_7_1-eth14,0,0
10,8_7_1-eth16,0,0
10,8_7_1-eth1,0,0
10,8_7_1-eth3,0,0
10,8_7_1-eth5,0,0
10,8_7_1-eth7,0,0
10,8_7_1-eth9,0,0
10,8_7_1-eth11,0,0
10,8_7_1-eth13,0,0
10,8_7_1-eth15,0,0
10,9_0_1-eth2,0,0
10,9_0_1-eth4,0,0
10,9_0_1-eth6,0,0
10,9_0_1-eth8,0,0
10,9_0_1-eth10,0,0
10,9_0_1-eth12,0,0
10,9_0_1-eth14,0,0
10,9_0_1-eth16,0,0
10,9_0_1-eth1,0,0
10,9_0_1-eth3,0,0
10,9_0_1-eth5,0,0
10,9_0_1-eth7,0,0
10,9_0_1-eth9,0,0
10,9_0_1-eth11,0,0
10,9_0_1-eth13,0,0
10,9_0_1-eth15,0,0
10,9_8_1-eth2,0,0
10,9_8_1-eth4,0,0
10,9_8_1-eth6,0,0
10,9_8_1-eth8,0,0
10,9_8_1-eth10,0,0
10,9_8_1-eth12,0,0
10,9_8_1-eth14,0,0
10,9_8_1-eth16,0,0
10,9_8_1-eth1,0,0
10,9_8_1-eth3,0,0
10,9_8_1-eth5,0,0
10,9_8_1-eth7,0,0
10,9_8_1-eth9,0,0
10,9_8_1-eth11,0,0
10,9_8_1-eth13,0,0
10,9_8_1-eth15,0,0
10,9_9_1-eth2,0,0
10,9_9_1-eth4,0,0
10,9_9_1-eth6,0,0
10,9_9_1-eth8,0,0
10,9_9_1-eth10,0,0
10,9_9_1-eth12,0,0
10,9_9_1-eth14,0,0
10,9_9_1-eth16,0,0
10,9_9_1-eth1,0,0
10,9_9_1-eth3,0,0
10,9_9_1-eth5,0,0
10,9_9_1-eth7,0,0
10,9_9_1-eth9,0,0
10,9_9_1-eth11,0,0
10,9_9_1-eth13,0,0
10,9_9_1-eth15,0,0
10,9_10_1-eth2,0,0
10,9_10_1-eth4,0,0
10,9_10_1-eth6,0,0
10,9_10_1-eth8,0,0
10,9_10_1-eth10,0,0
10,9_10_1-eth12,0,0
10,9_10_1-eth14,0,0
10,9_10_1-eth16,0,0
10,9_10_1-eth1,0,0
10,9_10_1-eth3,0,0
10,9_10_1-eth5,0,0
10,9_10_1-eth7,0,0
10,9_10_1-eth9,0,0
10,9_10_1-eth11,0,0
10,9_10_1-eth13,0,0
10,9_10_1-eth15,0,0
10,9_11_1-eth2,0,0
10,9_11_1-eth4,0,0
10,9_11_1-eth6,0,0
10,9_11_1-eth8,0,0
10,9_11_1-eth10,0,0
10,9_11_1-eth12,0,0
10,9_11_1-eth14,0,0
10,9_11_1-eth16,0,0
10,9_11_1-eth1,0,0
10,9_11_1-eth3,0,0
10,9_11_1-eth5,0,0
10,9_11_1-eth7,0,0
10,9_11_1-eth9,0,0
10,9_11_1-eth11,0,0
10,9_11_1-eth13,0,0
10,9_11_1-eth15,0,0
10,9_12_1-eth2,0,0
10,9_12_1-eth4,0,0
10,9_12_1-eth6,0,0
10,9_12_1-eth8,0,0
10,9_12_1-eth10,0,0
10,9_12_1-eth12,0,0
10,9_12_1-eth14,0,0
10,9_12_1-eth16,0,0
10,9_12_1-eth1,0,0
10,9_12_1-eth3,0,0
10,9_12_1-eth5,0,0
10,9_12_1-eth7,0,0
10,9_12_1-eth9,0,0
10,9_12_1-eth11,0,0
10,9_12_1-eth13,0,0
10,9_12_1-eth15,0,0
10,9_13_1-eth2,0,0
10,9_13_1-eth4,0,0
10,9_13_1-eth6,0,0
10,9_13_1-eth8,0,0
10,9_13_1-eth10,0,0
10,9_13_1-eth12,0,0
10,9_13_1-eth14,0,0
10,9_13_1-eth16,0,0
10,9_13_1-eth1,0,0
10,9_13_1-eth3,0,0
10,9_13_1-eth5,0,0
10,9_13_1-eth7,0,0
10,9_13_1-eth9,0,0
10,9_13_1-eth11,0,0
10,9_13_1-eth13,0,0
10,9_13_1-eth15,0,0
10,9_14_1-eth2,0,0
10,9_14_1-eth4,0,0
10,9_14_1-eth6,0,0
10,9_14_1-eth8,0,0
10,9_14_1-eth10,0,0
10,9_14_1-eth12,0,0
10,9_14_1-eth14,0,0
10,9_14_1-eth16,0,0
10,9_14_1-eth1,0,0
10,9_14_1-eth3,0,0
10,9_14_1-eth5,0,0
10,9_14_1-eth7,0,0
10,9_14_1-eth9,0,0
10,9_14_1-eth11,0,0
10,9_14_1-eth13,0,0
10,9_14_1-eth15,0,0
10,9_15_1-eth2,0,0
10,9_15_1-eth4,0,0
10,9_15_1-eth6,0,0
10,9_15_1-eth8,0,0
10,9_15_1-eth10,0,0
10,9_15_1-eth12,0,0
10,9_15_1-eth14,0,0
10,9_15_1-eth16,0,0
10,9_15_1-eth1,0,0
10,9_15_1-eth3,0,0
10,9_15_1-eth5,0,0
10,9_15_1-eth7,0,0
10,9_15_1-eth9,0,0
10,9_15_1-eth11,0,0
10,9_15_1-eth13,0,0
10,9_15_1-eth15,0,0
10,9_1_1-eth2,0,0
10,9_1_1-eth4,0,0
10,9_1_1-eth6,0,0
10,9_1_1-eth8,0,0
10,9_1_1-eth10,0,0
10,9_1_1-eth12,0,0
10,9_1_1-eth14,0,0
10,9_1_1-eth16,0,0
10,9_1_1-eth1,0,0
10,9_1_1-eth3,0,0
10,9_1_1-eth5,0,0
10,9_1_1-eth7,0,0
10,9_1_1-eth9,0,0
10,9_1_1-eth11,0,0
10,9_1_1-eth13,0,0
10,9_1_1-eth15,0,0
10,9_2_1-eth2,0,0
10,9_2_1-eth4,0,0
10,9_2_1-eth6,0,0
10,9_2_1-eth8,0,0
10,9_2_1-eth10,0,0
10,9_2_1-eth12,0,0
10,9_2_1-eth14,0,0
10,9_2_1-eth16,0,0
10,9_2_1-eth1,0,0
10,9_2_1-eth3,0,0
10,9_2_1-eth5,0,0
10,9_2_1-eth7,0,0
10,9_2_1-eth9,0,0
10,9_2_1-eth11,0,0
10,9_2_1-eth13,0,0
10,9_2_1-eth15,0,0
10,9_3_1-eth2,0,0
10,9_3_1-eth4,0,0
10,9_3_1-eth6,0,0
10,9_3_1-eth8,0,0
10,9_3_1-eth10,0,0
10,9_3_1-eth12,0,0
10,9_3_1-eth14,0,0
10,9_3_1-eth16,0,0
10,9_3_1-eth1,0,0
10,9_3_1-eth3,0,0
10,9_3_1-eth5,0,0
10,9_3_1-eth7,0,0
10,9_3_1-eth9,0,0
10,9_3_1-eth11,0,0
10,9_3_1-eth13,0,0
10,9_3_1-eth15,0,0
10,9_4_1-eth2,0,0
10,9_4_1-eth4,0,0
10,9_4_1-eth6,0,0
10,9_4_1-eth8,0,0
10,9_4_1-eth10,0,0
10,9_4_1-eth12,0,0
10,9_4_1-eth14,0,0
10,9_4_1-eth16,0,0
10,9_4_1-eth1,0,0
10,9_4_1-eth3,0,0
10,9_4_1-eth5,0,0
10,9_4_1-eth7,0,0
10,9_4_1-eth9,0,0
10,9_4_1-eth11,0,0
10,9_4_1-eth13,0,0
10,9_4_1-eth15,0,0
10,9_5_1-eth2,0,0
10,9_5_1-eth4,0,0
10,9_5_1-eth6,0,0
10,9_5_1-eth8,0,0
10,9_5_1-eth10,0,0
10,9_5_1-eth12,0,0
10,9_5_1-eth14,0,0
10,9_5_1-eth16,0,0
10,9_5_1-eth1,0,0
10,9_5_1-eth3,0,0
10,9_5_1-eth5,0,0
10,9_5_1-eth7,0,0
10,9_5_1-eth9,0,0
10,9_5_1-eth11,0,0
10,9_5_1-eth13,0,0
10,9_5_1-eth15,0,0
10,9_6_1-eth2,0,0
10,9_6_1-eth4,0,0
10,9_6_1-eth6,0,0
10,9_6_1-eth8,0,0
10,9_6_1-eth10,0,0
10,9_6_1-eth12,0,0
10,9_6_1-eth14,0,0
10,9_6_1-eth16,0,0
10,9_6_1-eth1,0,0
10,9_6_1-eth3,0,0
10,9_6_1-eth5,0,0
10,9_6_1-eth7,0,0
10,9_6_1-eth9,0,0
10,9_6_1-eth11,0,0
10,9_6_1-eth13,0,0
10,9_6_1-eth15,0,0
10,9_7_1-eth2,0,0
10,9_7_1-eth4,0,0
10,9_7_1-eth6,0,0
10,9_7_1-eth8,0,0
10,9_7_1-eth10,0,0
10,9_7_1-eth12,0,0
10,9_7_1-eth14,0,0
10,9_7_1-eth16,0,0
10,9_7_1-eth1,0,0
10,9_7_1-eth3,0,0
10,9_7_1-eth5,0,0
10,9_7_1-eth7,0,0
10,9_7_1-eth9,0,0
10,9_7_1-eth11,0,0
10,9_7_1-eth13,0,0
10,9_7_1-eth15,0,0
10,10_0_1-eth2,0,0
10,10_0_1-eth4,0,0
10,10_0_1-eth6,0,0
10,10_0_1-eth8,0,0
10,10_0_1-eth10,0,0
10,10_0_1-eth12,0,0
10,10_0_1-eth14,0,0
10,10_0_1-eth16,0,0
10,10_0_1-eth1,0,0
10,10_0_1-eth3,0,0
10,10_0_1-eth5,0,0
10,10_0_1-eth7,0,0
10,10_0_1-eth9,0,0
10,10_0_1-eth11,0,0
10,10_0_1-eth13,0,0
10,10_0_1-eth15,0,0
10,10_8_1-eth2,0,0
10,10_8_1-eth4,0,0
10,10_8_1-eth6,0,0
10,10_8_1-eth8,0,0
10,10_8_1-eth10,0,0
10,10_8_1-eth12,0,0
10,10_8_1-eth14,0,0
10,10_8_1-eth16,0,0
10,10_8_1-eth1,0,0
10,10_8_1-eth3,0,0
10,10_8_1-eth5,0,0
10,10_8_1-eth7,0,0
10,10_8_1-eth9,0,0
10,10_8_1-eth11,0,0
10,10_8_1-eth13,0,0
10,10_8_1-eth15,0,0
10,10_9_1-eth2,0,0
10,10_9_1-eth4,0,0
10,10_9_1-eth6,0,0
10,10_9_1-eth8,0,0
10,10_9_1-eth10,0,0
10,10_9_1-eth12,0,0
10,10_9_1-eth14,0,0
10,10_9_1-eth16,0,0
10,10_9_1-eth1,0,0
10,10_9_1-eth3,0,0
10,10_9_1-eth5,0,0
10,10_9_1-eth7,0,0
10,10_9_1-eth9,0,0
10,10_9_1-eth11,0,0
10,10_9_1-eth13,0,0
10,10_9_1-eth15,0,0
10,10_10_1-eth2,0,0
10,10_10_1-eth4,0,0
10,10_10_1-eth6,0,0
10,10_10_1-eth8,0,0
10,10_10_1-eth10,0,0
10,10_10_1-eth12,0,0
10,10_10_1-eth14,0,0
10,10_10_1-eth16,0,0
10,10_10_1-eth1,0,0
10,10_10_1-eth3,0,0
10,10_10_1-eth5,0,0
10,10_10_1-eth7,0,0
10,10_10_1-eth9,0,0
10,10_10_1-eth11,0,0
10,10_10_1-eth13,0,0
10,10_10_1-eth15,0,0
10,10_11_1-eth2,0,0
10,10_11_1-eth4,0,0
10,10_11_1-eth6,0,0
10,10_11_1-eth8,0,0
10,10_11_1-eth10,0,0
10,10_11_1-eth12,0,0
10,10_11_1-eth14,0,0
10,10_11_1-eth16,0,0
10,10_11_1-eth1,0,0
10,10_11_1-eth3,0,0
10,10_11_1-eth5,0,0
10,10_11_1-eth7,0,0
10,10_11_1-eth9,0,0
10,10_11_1-eth11,0,0
10,10_11_1-eth13,0,0
10,10_11_1-eth15,0,0
10,10_12_1-eth2,0,0
10,10_12_1-eth4,0,0
10,10_12_1-eth6,0,0
10,10_12_1-eth8,0,0
10,10_12_1-eth10,0,0
10,10_12_1-eth12,0,0
10,10_12_1-eth14,0,0
10,10_12_1-eth16,0,0
10,10_12_1-eth1,0,0
10,10_12_1-eth3,0,0
10,10_12_1-eth5,0,0
10,10_12_1-eth7,0,0
10,10_12_1-eth9,0,0
10,10_12_1-eth11,0,0
10,10_12_1-eth13,0,0
10,10_12_1-eth15,0,0
10,10_13_1-eth2,0,0
10,10_13_1-eth4,0,0
10,10_13_1-eth6,0,0
10,10_13_1-eth8,0,0
10,10_13_1-eth10,0,0
10,10_13_1-eth12,0,0
10,10_13_1-eth14,0,0
10,10_13_1-eth16,0,0
10,10_13_1-eth1,0,0
10,10_13_1-eth3,0,0
10,10_13_1-eth5,0,0
10,10_13_1-eth7,0,0
10,10_13_1-eth9,0,0
10,10_13_1-eth11,0,0
10,10_13_1-eth13,0,0
10,10_13_1-eth15,0,0
10,10_14_1-eth2,0,0
10,10_14_1-eth4,0,0
10,10_14_1-eth6,0,0
10,10_14_1-eth8,0,0
10,10_14_1-eth10,0,0
10,10_14_1-eth12,0,0
10,10_14_1-eth14,0,0
10,10_14_1-eth16,0,0
10,10_14_1-eth1,0,0
10,10_14_1-eth3,0,0
10,10_14_1-eth5,0,0
10,10_14_1-eth7,0,0
10,10_14_1-eth9,0,0
10,10_14_1-eth11,0,0
10,10_14_1-eth13,0,0
10,10_14_1-eth15,0,0
10,10_15_1-eth2,0,0
10,10_15_1-eth4,0,0
10,10_15_1-eth6,0,0
10,10_15_1-eth8,0,0
10,10_15_1-eth10,0,0
10,10_15_1-eth12,0,0
10,10_15_1-eth14,0,0
10,10_15_1-eth16,0,0
10,10_15_1-eth1,0,0
10,10_15_1-eth3,0,0
10,10_15_1-eth5,0,0
10,10_15_1-eth7,0,0
10,10_15_1-eth9,0,0
10,10_15_1-eth11,0,0
10,10_15_1-eth13,0,0
10,10_15_1-eth15,0,0
10,10_1_1-eth2,0,0
10,10_1_1-eth4,0,0
10,10_1_1-eth6,0,0
10,10_1_1-eth8,0,0
10,10_1_1-eth10,0,0
10,10_1_1-eth12,0,0
10,10_1_1-eth14,0,0
10,10_1_1-eth16,0,0
10,10_1_1-eth1,0,0
10,10_1_1-eth3,0,0
10,10_1_1-eth5,0,0
10,10_1_1-eth7,0,0
10,10_1_1-eth9,0,0
10,10_1_1-eth11,0,0
10,10_1_1-eth13,0,0
10,10_1_1-eth15,0,0
10,10_2_1-eth2,0,0
10,10_2_1-eth4,0,0
10,10_2_1-eth6,0,0
10,10_2_1-eth8,0,0
10,10_2_1-eth10,0,0
10,10_2_1-eth12,0,0
10,10_2_1-eth14,0,0
10,10_2_1-eth16,0,0
10,10_2_1-eth1,0,0
10,10_2_1-eth3,0,0
10,10_2_1-eth5,0,0
10,10_2_1-eth7,0,0
10,10_2_1-eth9,0,0
10,10_2_1-eth11,0,0
10,10_2_1-eth13,0,0
10,10_2_1-eth15,0,0
10,10_3_1-eth2,0,0
10,10_3_1-eth4,0,0
10,10_3_1-eth6,0,0
10,10_3_1-eth8,0,0
10,10_3_1-eth10,0,0
10,10_3_1-eth12,0,0
10,10_3_1-eth14,0,0
10,10_3_1-eth16,0,0
10,10_3_1-eth1,0,0
10,10_3_1-eth3,0,0
10,10_3_1-eth5,0,0
10,10_3_1-eth7,0,0
10,10_3_1-eth9,0,0
10,10_3_1-eth11,0,0
10,10_3_1-eth13,0,0
10,10_3_1-eth15,0,0
10,10_4_1-eth2,0,0
10,10_4_1-eth4,0,0
10,10_4_1-eth6,0,0
10,10_4_1-eth8,0,0
10,10_4_1-eth10,0,0
10,10_4_1-eth12,0,0
10,10_4_1-eth14,0,0
10,10_4_1-eth16,0,0
10,10_4_1-eth1,0,0
10,10_4_1-eth3,0,0
10,10_4_1-eth5,0,0
10,10_4_1-eth7,0,0
10,10_4_1-eth9,0,0
10,10_4_1-eth11,0,0
10,10_4_1-eth13,0,0
10,10_4_1-eth15,0,0
10,10_5_1-eth2,0,0
10,10_5_1-eth4,0,0
10,10_5_1-eth6,0,0
10,10_5_1-eth8,0,0
10,10_5_1-eth10,0,0
10,10_5_1-eth12,0,0
10,10_5_1-eth14,0,0
10,10_5_1-eth16,0,0
10,10_5_1-eth1,0,0
10,10_5_1-eth3,0,0
10,10_5_1-eth5,0,0
10,10_5_1-eth7,0,0
10,10_5_1-eth9,0,0
10,10_5_1-eth11,0,0
10,10_5_1-eth13,0,0
10,10_5_1-eth15,0,0
10,10_6_1-eth2,0,0
10,10_6_1-eth4,0,0
10,10_6_1-eth6,0,0
10,10_6_1-eth8,0,0
10,10_6_1-eth10,0,0
10,10_6_1-eth12,0,0
10,10_6_1-eth14,0,0
10,10_6_1-eth16,0,0
10,10_6_1-eth1,0,0
10,10_6_1-eth3,0,0
10,10_6_1-eth5,0,0
10,10_6_1-eth7,0,0
10,10_6_1-eth9,0,0
10,10_6_1-eth11,0,0
10,10_6_1-eth13,0,0
10,10_6_1-eth15,0,0
10,10_7_1-eth2,0,0
10,10_7_1-eth4,0,0
10,10_7_1-eth6,0,0
10,10_7_1-eth8,0,0
10,10_7_1-eth10,0,0
10,10_7_1-eth12,0,0
10,10_7_1-eth14,0,0
10,10_7_1-eth16,0,0
10,10_7_1-eth1,0,0
10,10_7_1-eth3,0,0
10,10_7_1-eth5,0,0
10,10_7_1-eth7,0,0
10,10_7_1-eth9,0,0
10,10_7_1-eth11,0,0
10,10_7_1-eth13,0,0
10,10_7_1-eth15,0,0
10,11_0_1-eth2,0,0
10,11_0_1-eth4,0,0
10,11_0_1-eth6,0,0
10,11_0_1-eth8,0,0
10,11_0_1-eth10,0,0
10,11_0_1-eth12,0,0
10,11_0_1-eth14,0,0
10,11_0_1-eth16,0,0
10,11_0_1-eth1,0,0
10,11_0_1-eth3,0,0
10,11_0_1-eth5,0,0
10,11_0_1-eth7,0,0
10,11_0_1-eth9,0,0
10,11_0_1-eth11,0,0
10,11_0_1-eth13,0,0
10,11_0_1-eth15,0,0
10,11_8_1-eth2,0,0
10,11_8_1-eth4,0,0
10,11_8_1-eth6,0,0
10,11_8_1-eth8,0,0
10,11_8_1-eth10,0,0
10,11_8_1-eth12,0,0
10,11_8_1-eth14,0,0
10,11_8_1-eth16,0,0
10,11_8_1-eth1,0,0
10,11_8_1-eth3,0,0
10,11_8_1-eth5,0,0
10,11_8_1-eth7,0,0
10,11_8_1-eth9,0,0
10,11_8_1-eth11,0,0
10,11_8_1-eth13,0,0
10,11_8_1-eth15,0,0
10,11_9_1-eth2,0,0
10,11_9_1-eth4,0,0
10,11_9_1-eth6,0,0
10,11_9_1-eth8,0,0
10,11_9_1-eth10,0,0
10,11_9_1-eth12,0,0
10,11_9_1-eth14,0,0
10,11_9_1-eth16,0,0
10,11_9_1-eth1,0,0
10,11_9_1-eth3,0,0
10,11_9_1-eth5,0,0
10,11_9_1-eth7,0,0
10,11_9_1-eth9,0,0
10,11_9_1-eth11,0,0
10,11_9_1-eth13,0,0
10,11_9_1-eth15,0,0
10,11_10_1-eth2,0,0
10,11_10_1-eth4,0,0
10,11_10_1-eth6,0,0
10,11_10_1-eth8,0,0
10,11_10_1-eth10,0,0
10,11_10_1-eth12,0,0
10,11_10_1-eth14,0,0
10,11_10_1-eth16,0,0
10,11_10_1-eth1,0,0
10,11_10_1-eth3,0,0
10,11_10_1-eth5,0,0
10,11_10_1-eth7,0,0
10,11_10_1-eth9,0,0
10,11_10_1-eth11,0,0
10,11_10_1-eth13,0,0
10,11_10_1-eth15,0,0
10,11_11_1-eth2,0,0
10,11_11_1-eth4,0,0
10,11_11_1-eth6,0,0
10,11_11_1-eth8,0,0
10,11_11_1-eth10,0,0
10,11_11_1-eth12,0,0
10,11_11_1-eth14,0,0
10,11_11_1-eth16,0,0
10,11_11_1-eth1,0,0
10,11_11_1-eth3,0,0
10,11_11_1-eth5,0,0
10,11_11_1-eth7,0,0
10,11_11_1-eth9,0,0
10,11_11_1-eth11,0,0
10,11_11_1-eth13,0,0
10,11_11_1-eth15,0,0
10,11_12_1-eth2,0,0
10,11_12_1-eth4,0,0
10,11_12_1-eth6,0,0
10,11_12_1-eth8,0,0
10,11_12_1-eth10,0,0
10,11_12_1-eth12,0,0
10,11_12_1-eth14,0,0
10,11_12_1-eth16,0,0
10,11_12_1-eth1,0,0
10,11_12_1-eth3,0,0
10,11_12_1-eth5,0,0
10,11_12_1-eth7,0,0
10,11_12_1-eth9,0,0
10,11_12_1-eth11,0,0
10,11_12_1-eth13,0,0
10,11_12_1-eth15,0,0
10,11_13_1-eth2,0,0
10,11_13_1-eth4,0,0
10,11_13_1-eth6,0,0
10,11_13_1-eth8,0,0
10,11_13_1-eth10,0,0
10,11_13_1-eth12,0,0
10,11_13_1-eth14,0,0
10,11_13_1-eth16,0,0
10,11_13_1-eth1,0,0
10,11_13_1-eth3,0,0
10,11_13_1-eth5,0,0
10,11_13_1-eth7,0,0
10,11_13_1-eth9,0,0
10,11_13_1-eth11,0,0
10,11_13_1-eth13,0,0
10,11_13_1-eth15,0,0
10,11_14_1-eth2,0,0
10,11_14_1-eth4,0,0
10,11_14_1-eth6,0,0
10,11_14_1-eth8,0,0
10,11_14_1-eth10,0,0
10,11_14_1-eth12,0,0
10,11_14_1-eth14,0,0
10,11_14_1-eth16,0,0
10,11_14_1-eth1,0,0
10,11_14_1-eth3,0,0
10,11_14_1-eth5,0,0
10,11_14_1-eth7,0,0
10,11_14_1-eth9,0,0
10,11_14_1-eth11,0,0
10,11_14_1-eth13,0,0
10,11_14_1-eth15,0,0
10,11_15_1-eth2,0,0
10,11_15_1-eth4,0,0
10,11_15_1-eth6,0,0
10,11_15_1-eth8,0,0
10,11_15_1-eth10,0,0
10,11_15_1-eth12,0,0
10,11_15_1-eth14,0,0
10,11_15_1-eth16,0,0
10,11_15_1-eth1,0,0
10,11_15_1-eth3,0,0
10,11_15_1-eth5,0,0
10,11_15_1-eth7,0,0
10,11_15_1-eth9,0,0
10,11_15_1-eth11,0,0
10,11_15_1-eth13,0,0
10,11_15_1-eth15,0,0
10,11_1_1-eth2,0,0
10,11_1_1-eth4,0,0
10,11_1_1-eth6,0,0
10,11_1_1-eth8,0,0
10,11_1_1-eth10,0,0
10,11_1_1-eth12,0,0
10,11_1_1-eth14,0,0
10,11_1_1-eth16,0,0
10,11_1_1-eth1,0,0
10,11_1_1-eth3,0,0
10,11_1_1-eth5,0,0
10,11_1_1-eth7,0,0
10,11_1_1-eth9,0,0
10,11_1_1-eth11,0,0
10,11_1_1-eth13,0,0
10,11_1_1-eth15,0,0
10,11_2_1-eth2,0,0
10,11_2_1-eth4,0,0
10,11_2_1-eth6,0,0
10,11_2_1-eth8,0,0
10,11_2_1-eth10,0,0
10,11_2_1-eth12,0,0
10,11_2_1-eth14,0,0
10,11_2_1-eth16,0,0
10,11_2_1-eth1,0,0
10,11_2_1-eth3,0,0
10,11_2_1-eth5,0,0
10,11_2_1-eth7,0,0
10,11_2_1-eth9,0,0
10,11_2_1-eth11,0,0
10,11_2_1-eth13,0,0
10,11_2_1-eth15,0,0
10,11_3_1-eth2,0,0
10,11_3_1-eth4,0,0
10,11_3_1-eth6,0,0
10,11_3_1-eth8,0,0
10,11_3_1-eth10,0,0
10,11_3_1-eth12,0,0
10,11_3_1-eth14,0,0
10,11_3_1-eth16,0,0
10,11_3_1-eth1,0,0
10,11_3_1-eth3,0,0
10,11_3_1-eth5,0,0
10,11_3_1-eth7,0,0
10,11_3_1-eth9,0,0
10,11_3_1-eth11,0,0
10,11_3_1-eth13,0,0
10,11_3_1-eth15,0,0
10,11_4_1-eth2,0,0
10,11_4_1-eth4,0,0
10,11_4_1-eth6,0,0
10,11_4_1-eth8,0,0
10,11_4_1-eth10,0,0
10,11_4_1-eth12,0,0
10,11_4_1-eth14,0,0
10,11_4_1-eth16,0,0
10,11_4_1-eth1,0,0
10,11_4_1-eth3,0,0
10,11_4_1-eth5,0,0
10,11_4_1-eth7,0,0
10,11_4_1-eth9,0,0
10,11_4_1-eth11,0,0
10,11_4_1-eth13,0,0
10,11_4_1-eth15,0,0
10,11_5_1-eth2,0,0
10,11_5_1-eth4,0,0
10,11_5_1-eth6,0,0
10,11_5_1-eth8,0,0
10,11_5_1-eth10,0,0
10,11_5_1-eth12,0,0
10,11_5_1-eth14,0,0
10,11_5_1-eth16,0,0
10,11_5_1-eth1,0,0
10,11_5_1-eth3,0,0
10,11_5_1-eth5,0,0
10,11_5_1-eth7,0,0
10,11_5_1-eth9,0,0
10,11_5_1-eth11,0,0
10,11_5_1-eth13,0,0
10,11_5_1-eth15,0,0
10,11_6_1-eth2,0,0
10,11_6_1-eth4,0,0
10,11_6_1-eth6,0,0
10,11_6_1-eth8,0,0
10,11_6_1-eth10,0,0
10,11_6_1-eth12,0,0
10,11_6_1-eth14,0,0
10,11_6_1-eth16,0,0
10,11_6_1-eth1,0,0
10,11_6_1-eth3,0,0
10,11_6_1-eth5,0,0
10,11_6_1-eth7,0,0
10,11_6_1-eth9,0,0
10,11_6_1-eth11,0,0
10,11_6_1-eth13,0,0
10,11_6_1-eth15,0,0
10,11_7_1-eth2,0,0
10,11_7_1-eth4,0,0
10,11_7_1-eth6,0,0
10,11_7_1-eth8,0,0
10,11_7_1-eth10,0,0
10,11_7_1-eth12,0,0
10,11_7_1-eth14,0,0
10,11_7_1-eth16,0,0
10,11_7_1-eth1,0,0
10,11_7_1-eth3,0,0
10,11_7_1-eth5,0,0
10,11_7_1-eth7,0,0
10,11_7_1-eth9,0,0
10,11_7_1-eth11,0,0
10,11_7_1-eth13,0,0
10,11_7_1-eth15,0,0
10,12_0_1-eth2,0,0
10,12_0_1-eth4,0,0
10,12_0_1-eth6,0,0
10,12_0_1-eth8,0,0
10,12_0_1-eth10,0,0
10,12_0_1-eth12,0,0
10,12_0_1-eth14,0,0
10,12_0_1-eth16,0,0
10,12_0_1-eth1,0,0
10,12_0_1-eth3,0,0
10,12_0_1-eth5,0,0
10,12_0_1-eth7,0,0
10,12_0_1-eth9,0,0
10,12_0_1-eth11,0,0
10,12_0_1-eth13,0,0
10,12_0_1-eth15,0,0
10,12_8_1-eth2,0,0
10,12_8_1-eth4,0,0
10,12_8_1-eth6,0,0
10,12_8_1-eth8,0,0
10,12_8_1-eth10,0,0
10,12_8_1-eth12,0,0
10,12_8_1-eth14,0,0
10,12_8_1-eth16,0,0
10,12_8_1-eth1,0,0
10,12_8_1-eth3,0,0
10,12_8_1-eth5,0,0
10,12_8_1-eth7,0,0
10,12_8_1-eth9,0,0
10,12_8_1-eth11,0,0
10,12_8_1-eth13,0,0
10,12_8_1-eth15,0,0
10,12_9_1-eth2,0,0
10,12_9_1-eth4,0,0
10,12_9_1-eth6,0,0
10,12_9_1-eth8,0,0
10,12_9_1-eth10,0,0
10,12_9_1-eth12,0,0
10,12_9_1-eth14,0,0
10,12_9_1-eth16,0,0
10,12_9_1-eth1,0,0
10,12_9_1-eth3,0,0
10,12_9_1-eth5,0,0
10,12_9_1-eth7,0,0
10,12_9_1-eth9,0,0
10,12_9_1-eth11,0,0
10,12_9_1-eth13,0,0
10,12_9_1-eth15,0,0
10,12_10_1-eth2,0,0
10,12_10_1-eth4,0,0
10,12_10_1-eth6,0,0
10,12_10_1-eth8,0,0
10,12_10_1-eth10,0,0
10,12_10_1-eth12,0,0
10,12_10_1-eth14,0,0
10,12_10_1-eth16,0,0
10,12_10_1-eth1,0,0
10,12_10_1-eth3,0,0
10,12_10_1-eth5,0,0
10,12_10_1-eth7,0,0
10,12_10_1-eth9,0,0
10,12_10_1-eth11,0,0
10,12_10_1-eth13,0,0
10,12_10_1-eth15,0,0
10,12_11_1-eth2,0,0
10,12_11_1-eth4,0,0
10,12_11_1-eth6,0,0
10,12_11_1-eth8,0,0
10,12_11_1-eth10,0,0
10,12_11_1-eth12,0,0
10,12_11_1-eth14,0,0
10,12_11_1-eth16,0,0
10,12_11_1-eth1,0,0
10,12_11_1-eth3,0,0
10,12_11_1-eth5,0,0
10,12_11_1-eth7,0,0
10,12_11_1-eth9,0,0
10,12_11_1-eth11,0,0
10,12_11_1-eth13,0,0
10,12_11_1-eth15,0,0
10,12_12_1-eth2,0,0
10,12_12_1-eth4,0,0
10,12_12_1-eth6,0,0
10,12_12_1-eth8,0,0
10,12_12_1-eth10,0,0
10,12_12_1-eth12,0,0
10,12_12_1-eth14,0,0
10,12_12_1-eth16,0,0
10,12_12_1-eth1,0,0
10,12_12_1-eth3,0,0
10,12_12_1-eth5,0,0
10,12_12_1-eth7,0,0
10,12_12_1-eth9,0,0
10,12_12_1-eth11,0,0
10,12_12_1-eth13,0,0
10,12_12_1-eth15,0,0
10,12_13_1-eth2,0,0
10,12_13_1-eth4,0,0
10,12_13_1-eth6,0,0
10,12_13_1-eth8,0,0
10,12_13_1-eth10,0,0
10,12_13_1-eth12,0,0
10,12_13_1-eth14,0,0
10,12_13_1-eth16,0,0
10,12_13_1-eth1,0,0
10,12_13_1-eth3,0,0
10,12_13_1-eth5,0,0
10,12_13_1-eth7,0,0
10,12_13_1-eth9,0,0
10,12_13_1-eth11,0,0
10,12_13_1-eth13,0,0
10,12_13_1-eth15,0,0
10,12_14_1-eth2,0,0
10,12_14_1-eth4,0,0
10,12_14_1-eth6,0,0
10,12_14_1-eth8,0,0
10,12_14_1-eth10,0,0
10,12_14_1-eth12,0,0
10,12_14_1-eth14,0,0
10,12_14_1-eth16,0,0
10,12_14_1-eth1,0,0
10,12_14_1-eth3,0,0
10,12_14_1-eth5,0,0
10,12_14_1-eth7,0,0
10,12_14_1-eth9,0,0
10,12_14_1-eth11,0,0
10,12_14_1-eth13,0,0
10,12_14_1-eth15,0,0
10,12_15_1-eth2,0,0
10,12_15_1-eth4,0,0
10,12_15_1-eth6,0,0
10,12_15_1-eth8,0,0
10,12_15_1-eth10,0,0
10,12_15_1-eth12,0,0
10,12_15_1-eth14,0,0
10,12_15_1-eth16,0,0
10,12_15_1-eth1,0,0
10,12_15_1-eth3,0,0
10,12_15_1-eth5,0,0
10,12_15_1-eth7,0,0
10,12_15_1-eth9,0,0
10,12_15_1-eth11,0,0
10,12_15_1-eth13,0,0
10,12_15_1-eth15,0,0
10,12_1_1-eth2,0,0
10,12_1_1-eth4,0,0
10,12_1_1-eth6,0,0
10,12_1_1-eth8,0,0
10,12_1_1-eth10,0,0
10,12_1_1-eth12,0,0
10,12_1_1-eth14,0,0
10,12_1_1-eth16,0,0
10,12_1_1-eth1,0,0
10,12_1_1-eth3,0,0
10,12_1_1-eth5,0,0
10,12_1_1-eth7,0,0
10,12_1_1-eth9,0,0
10,12_1_1-eth11,0,0
10,12_1_1-eth13,0,0
10,12_1_1-eth15,0,0
10,12_2_1-eth2,0,0
10,12_2_1-eth4,0,0
10,12_2_1-eth6,0,0
10,12_2_1-eth8,0,0
10,12_2_1-eth10,0,0
10,12_2_1-eth12,0,0
10,12_2_1-eth14,0,0
10,12_2_1-eth16,0,0
10,12_2_1-eth1,0,0
10,12_2_1-eth3,0,0
10,12_2_1-eth5,0,0
10,12_2_1-eth7,0,0
10,12_2_1-eth9,0,0
10,12_2_1-eth11,0,0
10,12_2_1-eth13,0,0
10,12_2_1-eth15,0,0
10,12_3_1-eth2,0,0
10,12_3_1-eth4,0,0
10,12_3_1-eth6,0,0
10,12_3_1-eth8,0,0
10,12_3_1-eth10,0,0
10,12_3_1-eth12,0,0
10,12_3_1-eth14,0,0
10,12_3_1-eth16,0,0
10,12_3_1-eth1,0,0
10,12_3_1-eth3,0,0
10,12_3_1-eth5,0,0
10,12_3_1-eth7,0,0
10,12_3_1-eth9,0,0
10,12_3_1-eth11,0,0
10,12_3_1-eth13,0,0
10,12_3_1-eth15,0,0
10,12_4_1-eth2,0,0
10,12_4_1-eth4,0,0
10,12_4_1-eth6,0,0
10,12_4_1-eth8,0,0
10,12_4_1-eth10,0,0
10,12_4_1-eth12,0,0
10,12_4_1-eth14,0,0
10,12_4_1-eth16,0,0
10,12_4_1-eth1,0,0
10,12_4_1-eth3,0,0
10,12_4_1-eth5,0,0
10,12_4_1-eth7,0,0
10,12_4_1-eth9,0,0
10,12_4_1-eth11,0,0
10,12_4_1-eth13,0,0
10,12_4_1-eth15,0,0
10,12_5_1-eth2,0,0
10,12_5_1-eth4,0,0
10,12_5_1-eth6,0,0
10,12_5_1-eth8,0,0
10,12_5_1-eth10,0,0
10,12_5_1-eth12,0,0
10,12_5_1-eth14,0,0
10,12_5_1-eth16,0,0
10,12_5_1-eth1,0,0
10,12_5_1-eth3,0,0
10,12_5_1-eth5,0,0
10,12_5_1-eth7,0,0
10,12_5_1-eth9,0,0
10,12_5_1-eth11,0,0
10,12_5_1-eth13,0,0
10,12_5_1-eth15,0,0
10,12_6_1-eth2,0,0
10,12_6_1-eth4,0,0
10,12_6_1-eth6,0,0
10,12_6_1-eth8,0,0
10,12_6_1-eth10,0,0
10,12_6_1-eth12,0,0
10,12_6_1-eth14,0,0
10,12_6_1-eth16,0,0
10,12_6_1-eth1,0,0
10,12_6_1-eth3,0,0
10,12_6_1-eth5,0,0
10,12_6_1-eth7,0,0
10,12_6_1-eth9,0,0
10,12_6_1-eth11,0,0
10,12_6_1-eth13,0,0
10,12_6_1-eth15,0,0
10,12_7_1-eth2,0,0
10,12_7_1-eth4,0,0
10,12_7_1-eth6,0,0
10,12_7_1-eth8,0,0
10,12_7_1-eth10,0,0
10,12_7_1-eth12,0,0
10,12_7_1-eth14,0,0
10,12_7_1-eth16,0,0
10,12_7_1-eth1,0,0
10,12_7_1-eth3,0,0
10,12_7_1-eth5,0,0
10,12_7_1-eth7,0,0
10,12_7_1-eth9,0,0
10,12_7_1-eth11,0,0
10,12_7_1-eth13,0,0
10,12_7_1-eth15,0,0
10,13_0_1-eth2,0,0
10,13_0_1-eth4,0,0
10,13_0_1-eth6,0,0
10,13_0_1-eth8,0,0
10,13_0_1-eth10,0,0
10,13_0_1-eth12,0,0
10,13_0_1-eth14,0,0
10,13_0_1-eth16,0,0
10,13_0_1-eth1,0,0
10,13_0_1-eth3,0,0
10,13_0_1-eth5,0,0
10,13_0_1-eth7,0,0
10,13_0_1-eth9,0,0
10,13_0_1-eth11,0,0
10,13_0_1-eth13,0,0
10,13_0_1-eth15,0,0
10,13_8_1-eth2,0,0
10,13_8_1-eth4,0,0
10,13_8_1-eth6,0,0
10,13_8_1-eth8,0,0
10,13_8_1-eth10,0,0
10,13_8_1-eth12,0,0
10,13_8_1-eth14,0,0
10,13_8_1-eth16,0,0
10,13_8_1-eth1,0,0
10,13_8_1-eth3,0,0
10,13_8_1-eth5,0,0
10,13_8_1-eth7,0,0
10,13_8_1-eth9,0,0
10,13_8_1-eth11,0,0
10,13_8_1-eth13,0,0
10,13_8_1-eth15,0,0
10,13_9_1-eth2,0,0
10,13_9_1-eth4,0,0
10,13_9_1-eth6,0,0
10,13_9_1-eth8,0,0
10,13_9_1-eth10,0,0
10,13_9_1-eth12,0,0
10,13_9_1-eth14,0,0
10,13_9_1-eth16,0,0
10,13_9_1-eth1,0,0
10,13_9_1-eth3,0,0
10,13_9_1-eth5,0,0
10,13_9_1-eth7,0,0
10,13_9_1-eth9,0,0
10,13_9_1-eth11,0,0
10,13_9_1-eth13,0,0
10,13_9_1-eth15,0,0
10,13_10_1-eth2,0,0
10,13_10_1-eth4,0,0
10,13_10_1-eth6,0,0
10,13_10_1-eth8,0,0
10,13_10_1-eth10,0,0
10,13_10_1-eth12,0,0
10,13_10_1-eth14,0,0
10,13_10_1-eth16,0,0
10,13_10_1-eth1,0,0
10,13_10_1-eth3,0,0
10,13_10_1-eth5,0,0
10,13_10_1-eth7,0,0
10,13_10_1-eth9,0,0
10,13_10_1-eth11,0,0
10,13_10_1-eth13,0,0
10,13_10_1-eth15,0,0
10,13_11_1-eth2,0,0
10,13_11_1-eth4,0,0
10,13_11_1-eth6,0,0
10,13_11_1-eth8,0,0
10,13_11_1-eth10,0,0
10,13_11_1-eth12,0,0
10,13_11_1-eth14,0,0
10,13_11_1-eth16,0,0
10,13_11_1-eth1,0,0
10,13_11_1-eth3,0,0
10,13_11_1-eth5,0,0
10,13_11_1-eth7,0,0
10,13_11_1-eth9,0,0
10,13_11_1-eth11,0,0
10,13_11_1-eth13,0,0
10,13_11_1-eth15,0,0
10,13_12_1-eth2,0,0
10,13_12_1-eth4,0,0
10,13_12_1-eth6,0,0
10,13_12_1-eth8,0,0
10,13_12_1-eth10,0,0
10,13_12_1-eth12,0,0
10,13_12_1-eth14,0,0
10,13_12_1-eth16,0,0
10,13_12_1-eth1,0,0
10,13_12_1-eth3,0,0
10,13_12_1-eth5,0,0
10,13_12_1-eth7,0,0
10,13_12_1-eth9,0,0
10,13_12_1-eth11,0,0
10,13_12_1-eth13,0,0
10,13_12_1-eth15,0,0
10,13_13_1-eth2,0,0
10,13_13_1-eth4,0,0
10,13_13_1-eth6,0,0
10,13_13_1-eth8,0,0
10,13_13_1-eth10,0,0
10,13_13_1-eth12,0,0
10,13_13_1-eth14,0,0
10,13_13_1-eth16,0,0
10,13_13_1-eth1,0,0
10,13_13_1-eth3,0,0
10,13_13_1-eth5,0,0
10,13_13_1-eth7,0,0
10,13_13_1-eth9,0,0
10,13_13_1-eth11,0,0
10,13_13_1-eth13,0,0
10,13_13_1-eth15,0,0
10,13_14_1-eth2,0,0
10,13_14_1-eth4,0,0
10,13_14_1-eth6,0,0
10,13_14_1-eth8,0,0
10,13_14_1-eth10,0,0
10,13_14_1-eth12,0,0
10,13_14_1-eth14,0,0
10,13_14_1-eth16,0,0
10,13_14_1-eth1,0,0
10,13_14_1-eth3,0,0
10,13_14_1-eth5,0,0
10,13_14_1-eth7,0,0
10,13_14_1-eth9,0,0
10,13_14_1-eth11,0,0
10,13_14_1-eth13,0,0
10,13_14_1-eth15,0,0
10,13_15_1-eth2,0,0
10,13_15_1-eth4,0,0
10,13_15_1-eth6,0,0
10,13_15_1-eth8,0,0
10,13_15_1-eth10,0,0
10,13_15_1-eth12,0,0
10,13_15_1-eth14,0,0
10,13_15_1-eth16,0,0
10,13_15_1-eth1,0,0
10,13_15_1-eth3,0,0
10,13_15_1-eth5,0,0
10,13_15_1-eth7,0,0
10,13_15_1-eth9,0,0
10,13_15_1-eth11,0,0
10,13_15_1-eth13,0,0
10,13_15_1-eth15,0,0
10,13_1_1-eth2,0,0
10,13_1_1-eth4,0,0
10,13_1_1-eth6,0,0
10,13_1_1-eth8,0,0
10,13_1_1-eth10,0,0
10,13_1_1-eth12,0,0
10,13_1_1-eth14,0,0
10,13_1_1-eth16,0,0
10,13_1_1-eth1,0,0
10,13_1_1-eth3,0,0
10,13_1_1-eth5,0,0
10,13_1_1-eth7,0,0
10,13_1_1-eth9,0,0
10,13_1_1-eth11,0,0
10,13_1_1-eth13,0,0
10,13_1_1-eth15,0,0
10,13_2_1-eth2,0,0
10,13_2_1-eth4,0,0
10,13_2_1-eth6,0,0
10,13_2_1-eth8,0,0
10,13_2_1-eth10,0,0
10,13_2_1-eth12,0,0
10,13_2_1-eth14,0,0
10,13_2_1-eth16,0,0
10,13_2_1-eth1,0,0
10,13_2_1-eth3,0,0
10,13_2_1-eth5,0,0
10,13_2_1-eth7,0,0
10,13_2_1-eth9,0,0
10,13_2_1-eth11,0,0
10,13_2_1-eth13,0,0
10,13_2_1-eth15,0,0
10,13_3_1-eth2,0,0
10,13_3_1-eth4,0,0
10,13_3_1-eth6,0,0
10,13_3_1-eth8,0,0
10,13_3_1-eth10,0,0
10,13_3_1-eth12,0,0
10,13_3_1-eth14,0,0
10,13_3_1-eth16,0,0
10,13_3_1-eth1,0,0
10,13_3_1-eth3,0,0
10,13_3_1-eth5,0,0
10,13_3_1-eth7,0,0
10,13_3_1-eth9,0,0
10,13_3_1-eth11,0,0
10,13_3_1-eth13,0,0
10,13_3_1-eth15,0,0
10,13_4_1-eth2,0,0
10,13_4_1-eth4,0,0
10,13_4_1-eth6,0,0
10,13_4_1-eth8,0,0
10,13_4_1-eth10,0,0
10,13_4_1-eth12,0,0
10,13_4_1-eth14,0,0
10,13_4_1-eth16,0,0
10,13_4_1-eth1,0,0
10,13_4_1-eth3,0,0
10,13_4_1-eth5,0,0
10,13_4_1-eth7,0,0
10,13_4_1-eth9,0,0
10,13_4_1-eth11,0,0
10,13_4_1-eth13,0,0
10,13_4_1-eth15,0,0
10,13_5_1-eth2,0,0
10,13_5_1-eth4,0,0
10,13_5_1-eth6,0,0
10,13_5_1-eth8,0,0
10,13_5_1-eth10,0,0
10,13_5_1-eth12,0,0
10,13_5_1-eth14,0,0
10,13_5_1-eth16,0,0
10,13_5_1-eth1,0,0
10,13_5_1-eth3,0,0
10,13_5_1-eth5,0,0
10,13_5_1-eth7,0,0
10,13_5_1-eth9,0,0
10,13_5_1-eth11,0,0
10,13_5_1-eth13,0,0
10,13_5_1-eth15,0,0
10,13_6_1-eth2,0,0
10,13_6_1-eth4,0,0
10,13_6_1-eth6,0,0
10,13_6_1-eth8,0,0
10,13_6_1-eth10,0,0
10,13_6_1-eth12,0,0
10,13_6_1-eth14,0,0
10,13_6_1-eth16,0,0
10,13_6_1-eth1,0,0
10,13_6_1-eth3,0,0
10,13_6_1-eth5,0,0
10,13_6_1-eth7,0,0
10,13_6_1-eth9,0,0
10,13_6_1-eth11,0,0
10,13_6_1-eth13,0,0
10,13_6_1-eth15,0,0
10,13_7_1-eth2,0,0
10,13_7_1-eth4,0,0
10,13_7_1-eth6,0,0
10,13_7_1-eth8,0,0
10,13_7_1-eth10,0,0
10,13_7_1-eth12,0,0
10,13_7_1-eth14,0,0
10,13_7_1-eth16,0,0
10,13_7_1-eth1,0,0
10,13_7_1-eth3,0,0
10,13_7_1-eth5,0,0
10,13_7_1-eth7,0,0
10,13_7_1-eth9,0,0
10,13_7_1-eth11,0,0
10,13_7_1-eth13,0,0
10,13_7_1-eth15,0,0
10,14_0_1-eth2,0,0
10,14_0_1-eth4,0,0
10,14_0_1-eth6,0,0
10,14_0_1-eth8,0,0
10,14_0_1-eth10,0,0
10,14_0_1-eth12,0,0
10,14_0_1-eth14,0,0
10,14_0_1-eth16,0,0
10,14_0_1-eth1,0,0
10,14_0_1-eth3,0,0
10,14_0_1-eth5,0,0
10,14_0_1-eth7,0,0
10,14_0_1-eth9,0,0
10,14_0_1-eth11,0,0
10,14_0_1-eth13,0,0
10,14_0_1-eth15,0,0
10,14_8_1-eth2,0,0
10,14_8_1-eth4,0,0
10,14_8_1-eth6,0,0
10,14_8_1-eth8,0,0
10,14_8_1-eth10,0,0
10,14_8_1-eth12,0,0
10,14_8_1-eth14,0,0
10,14_8_1-eth16,0,0
10,14_8_1-eth1,0,0
10,14_8_1-eth3,0,0
10,14_8_1-eth5,0,0
10,14_8_1-eth7,0,0
10,14_8_1-eth9,0,0
10,14_8_1-eth11,0,0
10,14_8_1-eth13,0,0
10,14_8_1-eth15,0,0
10,14_9_1-eth2,0,0
10,14_9_1-eth4,0,0
10,14_9_1-eth6,0,0
10,14_9_1-eth8,0,0
10,14_9_1-eth10,0,0
10,14_9_1-eth12,0,0
10,14_9_1-eth14,0,0
10,14_9_1-eth16,0,0
10,14_9_1-eth1,0,0
10,14_9_1-eth3,0,0
10,14_9_1-eth5,0,0
10,14_9_1-eth7,0,0
10,14_9_1-eth9,0,0
10,14_9_1-eth11,0,0
10,14_9_1-eth13,0,0
10,14_9_1-eth15,0,0
10,14_10_1-eth2,0,0
10,14_10_1-eth4,0,0
10,14_10_1-eth6,0,0
10,14_10_1-eth8,0,0
10,14_10_1-eth10,0,0
10,14_10_1-eth12,0,0
10,14_10_1-eth14,0,0
10,14_10_1-eth16,0,0
10,14_10_1-eth1,0,0
10,14_10_1-eth3,0,0
10,14_10_1-eth5,0,0
10,14_10_1-eth7,0,0
10,14_10_1-eth9,0,0
10,14_10_1-eth11,0,0
10,14_10_1-eth13,0,0
10,14_10_1-eth15,0,0
10,14_11_1-eth2,0,0
10,14_11_1-eth4,0,0
10,14_11_1-eth6,0,0
10,14_11_1-eth8,0,0
10,14_11_1-eth10,0,0
10,14_11_1-eth12,0,0
10,14_11_1-eth14,0,0
10,14_11_1-eth16,0,0
10,14_11_1-eth1,0,0
10,14_11_1-eth3,0,0
10,14_11_1-eth5,0,0
10,14_11_1-eth7,0,0
10,14_11_1-eth9,0,0
10,14_11_1-eth11,0,0
10,14_11_1-eth13,0,0
10,14_11_1-eth15,0,0
10,14_12_1-eth2,0,0
10,14_12_1-eth4,0,0
10,14_12_1-eth6,0,0
10,14_12_1-eth8,0,0
10,14_12_1-eth10,0,0
10,14_12_1-eth12,0,0
10,14_12_1-eth14,0,0
10,14_12_1-eth16,0,0
10,14_12_1-eth1,0,0
10,14_12_1-eth3,0,0
10,14_12_1-eth5,0,0
10,14_12_1-eth7,0,0
10,14_12_1-eth9,0,0
10,14_12_1-eth11,0,0
10,14_12_1-eth13,0,0
10,14_12_1-eth15,0,0
10,14_13_1-eth2,0,0
10,14_13_1-eth4,0,0
10,14_13_1-eth6,0,0
10,14_13_1-eth8,0,0
10,14_13_1-eth10,0,0
10,14_13_1-eth12,0,0
10,14_13_1-eth14,0,0
10,14_13_1-eth16,0,0
10,14_13_1-eth1,0,0
10,14_13_1-eth3,0,0
10,14_13_1-eth5,0,0
10,14_13_1-eth7,0,0
10,14_13_1-eth9,0,0
10,14_13_1-eth11,0,0
10,14_13_1-eth13,0,0
10,14_13_1-eth15,0,0
10,14_14_1-eth2,0,0
10,14_14_1-eth4,0,0
10,14_14_1-eth6,0,0
10,14_14_1-eth8,0,0
10,14_14_1-eth10,0,0
10,14_14_1-eth12,0,0
10,14_14_1-eth14,0,0
10,14_14_1-eth16,0,0
10,14_14_1-eth1,0,0
10,14_14_1-eth3,0,0
10,14_14_1-eth5,0,0
10,14_14_1-eth7,0,0
10,14_14_1-eth9,0,0
10,14_14_1-eth11,0,0
10,14_14_1-eth13,0,0
10,14_14_1-eth15,0,0
10,14_15_1-eth2,0,0
10,14_15_1-eth4,0,0
10,14_15_1-eth6,0,0
10,14_15_1-eth8,0,0
10,14_15_1-eth10,0,0
10,14_15_1-eth12,0,0
10,14_15_1-eth14,0,0
10,14_15_1-eth16,0,0
10,14_15_1-eth1,0,0
10,14_15_1-eth3,0,0
10,14_15_1-eth5,0,0
10,14_15_1-eth7,0,0
10,14_15_1-eth9,0,0
10,14_15_1-eth11,0,0
10,14_15_1-eth13,0,0
10,14_15_1-eth15,0,0
10,14_1_1-eth2,0,0
10,14_1_1-eth4,0,0
10,14_1_1-eth6,0,0
10,14_1_1-eth8,0,0
10,14_1_1-eth10,0,0
10,14_1_1-eth12,0,0
10,14_1_1-eth14,0,0
10,14_1_1-eth16,0,0
10,14_1_1-eth1,0,0
10,14_1_1-eth3,0,0
10,14_1_1-eth5,0,0
10,14_1_1-eth7,0,0
10,14_1_1-eth9,0,0
10,14_1_1-eth11,0,0
10,14_1_1-eth13,0,0
10,14_1_1-eth15,0,0
10,14_2_1-eth2,0,0
10,14_2_1-eth4,0,0
10,14_2_1-eth6,0,0
10,14_2_1-eth8,0,0
10,14_2_1-eth10,0,0
10,14_2_1-eth12,0,0
10,14_2_1-eth14,0,0
10,14_2_1-eth16,0,0
10,14_2_1-eth1,0,0
10,14_2_1-eth3,0,0
10,14_2_1-eth5,0,0
10,14_2_1-eth7,0,0
10,14_2_1-eth9,0,0
10,14_2_1-eth11,0,0
10,14_2_1-eth13,0,0
10,14_2_1-eth15,0,0
10,14_3_1-eth2,0,0
10,14_3_1-eth4,0,0
10,14_3_1-eth6,0,0
10,14_3_1-eth8,0,0
10,14_3_1-eth10,0,0
10,14_3_1-eth12,0,0
10,14_3_1-eth14,0,0
10,14_3_1-eth16,0,0
10,14_3_1-eth1,0,0
10,14_3_1-eth3,0,0
10,14_3_1-eth5,0,0
10,14_3_1-eth7,0,0
10,14_3_1-eth9,0,0
10,14_3_1-eth11,0,0
10,14_3_1-eth13,0,0
10,14_3_1-eth15,0,0
10,14_4_1-eth2,0,0
10,14_4_1-eth4,0,0
10,14_4_1-eth6,0,0
10,14_4_1-eth8,0,0
10,14_4_1-eth10,0,0
10,14_4_1-eth12,0,0
10,14_4_1-eth14,0,0
10,14_4_1-eth16,0,0
10,14_4_1-eth1,0,0
10,14_4_1-eth3,0,0
10,14_4_1-eth5,0,0
10,14_4_1-eth7,0,0
10,14_4_1-eth9,0,0
10,14_4_1-eth11,0,0
10,14_4_1-eth13,0,0
10,14_4_1-eth15,0,0
10,14_5_1-eth2,0,0
10,14_5_1-eth4,0,0
10,14_5_1-eth6,0,0
10,14_5_1-eth8,0,0
10,14_5_1-eth10,0,0
10,14_5_1-eth12,0,0
10,14_5_1-eth14,0,0
10,14_5_1-eth16,0,0
10,14_5_1-eth1,0,0
10,14_5_1-eth3,0,0
10,14_5_1-eth5,0,0
10,14_5_1-eth7,0,0
10,14_5_1-eth9,0,0
10,14_5_1-eth11,0,0
10,14_5_1-eth13,0,0
10,14_5_1-eth15,0,0
10,14_6_1-eth2,0,0
10,14_6_1-eth4,0,0
10,14_6_1-eth6,0,0
10,14_6_1-eth8,0,0
10,14_6_1-eth10,0,0
10,14_6_1-eth12,0,0
10,14_6_1-eth14,0,0
10,14_6_1-eth16,0,0
10,14_6_1-eth1,0,0
10,14_6_1-eth3,0,0
10,14_6_1-eth5,0,0
10,14_6_1-eth7,0,0
10,14_6_1-eth9,0,0
10,14_6_1-eth11,0,0
10,14_6_1-eth13,0,0
10,14_6_1-eth15,0,0
10,14_7_1-eth2,0,0
10,14_7_1-eth4,0,0
10,14_7_1-eth6,0,0
10,14_7_1-eth8,0,0
10,14_7_1-eth10,0,0
10,14_7_1-eth12,0,0
10,14_7_1-eth14,0,0
10,14_7_1-eth16,0,0
10,14_7_1-eth1,0,0
10,14_7_1-eth3,0,0
10,14_7_1-eth5,0,0
10,14_7_1-eth7,0,0
10,14_7_1-eth9,0,0
10,14_7_1-eth11,0,0
10,14_7_1-eth13,0,0
10,14_7_1-eth15,0,0
10,15_0_1-eth2,0,0
10,15_0_1-eth4,0,0
10,15_0_1-eth6,0,0
10,15_0_1-eth8,0,0
10,15_0_1-eth10,0,0
10,15_0_1-eth12,0,0
10,15_0_1-eth14,0,0
10,15_0_1-eth16,0,0
10,15_0_1-eth1,0,0
10,15_0_1-eth3,0,0
10,15_0_1-eth5,0,0
10,15_0_1-eth7,0,0
10,15_0_1-eth9,0,0
10,15_0_1-eth11,0,0
10,15_0_1-eth13,0,0
10,15_0_1-eth15,0,0
10,15_8_1-eth2,0,0
10,15_8_1-eth4,0,0
10,15_8_1-eth6,0,0
10,15_8_1-eth8,0,0
10,15_8_1-eth10,0,0
10,15_8_1-eth12,0,0
10,15_8_1-eth14,0,0
10,15_8_1-eth16,0,0
10,15_8_1-eth1,0,0
10,15_8_1-eth3,0,0
10,15_8_1-eth5,0,0
10,15_8_1-eth7,0,0
10,15_8_1-eth9,0,0
10,15_8_1-eth11,0,0
10,15_8_1-eth13,0,0
10,15_8_1-eth15,0,0
10,15_9_1-eth2,0,0
10,15_9_1-eth4,0,0
10,15_9_1-eth6,0,0
10,15_9_1-eth8,0,0
10,15_9_1-eth10,0,0
10,15_9_1-eth12,0,0
10,15_9_1-eth14,0,0
10,15_9_1-eth16,0,0
10,15_9_1-eth1,0,0
10,15_9_1-eth3,0,0
10,15_9_1-eth5,0,0
10,15_9_1-eth7,0,0
10,15_9_1-eth9,0,0
10,15_9_1-eth11,0,0
10,15_9_1-eth13,0,0
10,15_9_1-eth15,0,0
10,15_10_1-eth2,0,0
10,15_10_1-eth4,0,0
10,15_10_1-eth6,0,0
10,15_10_1-eth8,0,0
10,15_10_1-eth10,0,0
10,15_10_1-eth12,0,0
10,15_10_1-eth14,0,0
10,15_10_1-eth16,0,0
10,15_10_1-eth1,0,0
10,15_10_1-eth3,0,0
10,15_10_1-eth5,0,0
10,15_10_1-eth7,0,0
10,15_10_1-eth9,0,0
10,15_10_1-eth11,0,0
10,15_10_1-eth13,0,0
10,15_10_1-eth15,0,0
10,15_11_1-eth2,0,0
10,15_11_1-eth4,0,0
10,15_11_1-eth6,0,0
10,15_11_1-eth8,0,0
10,15_11_1-eth10,0,0
10,15_11_1-eth12,0,0
10,15_11_1-eth14,0,0
10,15_11_1-eth16,0,0
10,15_11_1-eth1,0,0
10,15_11_1-eth3,0,0
10,15_11_1-eth5,0,0
10,15_11_1-eth7,0,0
10,15_11_1-eth9,0,0
10,15_11_1-eth11,0,0
10,15_11_1-eth13,0,0
10,15_11_1-eth15,0,0
10,15_12_1-eth2,0,0
10,15_12_1-eth4,0,0
10,15_12_1-eth6,0,0
10,15_12_1-eth8,0,0
10,15_12_1-eth10,0,0
10,15_12_1-eth12,0,0
10,15_12_1-eth14,0,0
10,15_12_1-eth16,0,0
10,15_12_1-eth1,0,0
10,15_12_1-eth3,0,0
10,15_12_1-eth5,0,0
10,15_12_1-eth7,0,0
10,15_12_1-eth9,0,0
10,15_12_1-eth11,0,0
10,15_12_1-eth13,0,0
10,15_12_1-eth15,0,0
10,15_13_1-eth2,0,0
10,15_13_1-eth4,0,0
10,15_13_1-eth6,0,0
10,15_13_1-eth8,0,0
10,15_13_1-eth10,0,0
10,15_13_1-eth12,0,0
10,15_13_1-eth14,0,0
10,15_13_1-eth16,0,0
10,15_13_1-eth1,0,0
10,15_13_1-eth3,0,0
10,15_13_1-eth5,0,0
10,15_13_1-eth7,0,0
10,15_13_1-eth9,0,0
10,15_13_1-eth11,0,0
10,15_13_1-eth13,0,0
10,15_13_1-eth15,0,0
10,15_14_1-eth2,0,0
10,15_14_1-eth4,0,0
10,15_14_1-eth6,0,0
10,15_14_1-eth8,0,0
10,15_14_1-eth10,0,0
10,15_14_1-eth12,0,0
10,15_14_1-eth14,0,0
10,15_14_1-eth16,0,0
10,15_14_1-eth1,0,0
10,15_14_1-eth3,0,0
10,15_14_1-eth5,0,0
10,15_14_1-eth7,0,0
10,15_14_1-eth9,0,0
10,15_14_1-eth11,0,0
10,15_14_1-eth13,0,0
10,15_14_1-eth15,0,0
10,15_15_1-eth2,0,0
10,15_15_1-eth4,0,0
10,15_15_1-eth6,0,0
10,15_15_1-eth8,0,0
10,15_15_1-eth10,0,0
10,15_15_1-eth12,0,0
10,15_15_1-eth14,0,0
10,15_15_1-eth16,0,0
10,15_15_1-eth1,0,0
10,15_15_1-eth3,0,0
10,15_15_1-eth5,0,0
10,15_15_1-eth7,0,0
10,15_15_1-eth9,0,0
10,15_15_1-eth11,0,0
10,15_15_1-eth13,0,0
10,15_15_1-eth15,0,0
10,15_1_1-eth2,0,0
10,15_1_1-eth4,0,0
10,15_1_1-eth6,0,0
10,15_1_1-eth8,0,0
10,15_1_1-eth10,0,0
10,15_1_1-eth12,0,0
10,15_1_1-eth14,0,0
10,15_1_1-eth16,0,0
10,15_1_1-eth1,0,0
10,15_1_1-eth3,0,0
10,15_1_1-eth5,0,0
10,15_1_1-eth7,0,0
10,15_1_1-eth9,0,0
10,15_1_1-eth11,0,0
10,15_1_1-eth13,0,0
10,15_1_1-eth15,0,0
10,15_2_1-eth2,0,0
10,15_2_1-eth4,0,0
10,15_2_1-eth6,0,0
10,15_2_1-eth8,0,0
10,15_2_1-eth10,0,0
10,15_2_1-eth12,0,0
10,15_2_1-eth14,0,0
10,15_2_1-eth16,0,0
10,15_2_1-eth1,0,0
10,15_2_1-eth3,0,0
10,15_2_1-eth5,0,0
10,15_2_1-eth7,0,0
10,15_2_1-eth9,0,0
10,15_2_1-eth11,0,0
10,15_2_1-eth13,0,0
10,15_2_1-eth15,0,0
10,15_3_1-eth2,0,0
10,15_3_1-eth4,0,0
10,15_3_1-eth6,0,0
10,15_3_1-eth8,0,0
10,15_3_1-eth10,0,0
10,15_3_1-eth12,0,0
10,15_3_1-eth14,0,0
10,15_3_1-eth16,0,0
10,15_3_1-eth1,0,0
10,15_3_1-eth3,0,0
10,15_3_1-eth5,0,0
10,15_3_1-eth7,0,0
10,15_3_1-eth9,0,0
10,15_3_1-eth11,0,0
10,15_3_1-eth13,0,0
10,15_3_1-eth15,0,0
10,15_4_1-eth2,0,0
10,15_4_1-eth4,0,0
10,15_4_1-eth6,0,0
10,15_4_1-eth8,0,0
10,15_4_1-eth10,0,0
10,15_4_1-eth12,0,0
10,15_4_1-eth14,0,0
10,15_4_1-eth16,0,0
10,15_4_1-eth1,0,0
10,15_4_1-eth3,0,0
10,15_4_1-eth5,0,0
10,15_4_1-eth7,0,0
10,15_4_1-eth9,0,0
10,15_4_1-eth11,0,0
10,15_4_1-eth13,0,0
10,15_4_1-eth15,0,0
10,15_5_1-eth2,0,0
10,15_5_1-eth4,0,0
10,15_5_1-eth6,0,0
10,15_5_1-eth8,0,0
10,15_5_1-eth10,0,0
10,15_5_1-eth12,0,0
10,15_5_1-eth14,0,0
10,15_5_1-eth16,0,0
10,15_5_1-eth1,0,0
10,15_5_1-eth3,0,0
10,15_5_1-eth5,0,0
10,15_5_1-eth7,0,0
10,15_5_1-eth9,0,0
10,15_5_1-eth11,0,0
10,15_5_1-eth13,0,0
10,15_5_1-eth15,0,0
10,15_6_1-eth2,0,0
10,15_6_1-eth4,0,0
10,15_6_1-eth6,0,0
10,15_6_1-eth8,0,0
10,15_6_1-eth10,0,0
10,15_6_1-eth12,0,0
10,15_6_1-eth14,0,0
10,15_6_1-eth16,0,0
10,15_6_1-eth1,0,0
10,15_6_1-eth3,0,0
10,15_6_1-eth5,0,0
10,15_6_1-eth7,0,0
10,15_6_1-eth9,0,0
10,15_6_1-eth11,0,0
10,15_6_1-eth13,0,0
10,15_6_1-eth15,0,0
10,15_7_1-eth2,0,0
10,15_7_1-eth4,0,0
10,15_7_1-eth6,0,0
10,15_7_1-eth8,0,0
10,15_7_1-eth10,0,0
10,15_7_1-eth12,0,0
10,